gameId,gameDate,mP_ev,mP_pp,mP_sh,iFW_ev,iFW_pp,iFW_sh,oFW_ev,oFW_pp,oFW_sh,iFL_ev,iFL_pp,iFL_sh,oFL_ev,oFL_pp,oFL_sh,iHG_ev,iHG_pp,iHG_sh,oHG_ev,oHG_pp,oHG_sh,iHT_ev,iHT_pp,iHT_sh,oHT_ev,oHT_pp,oHT_sh,iTW_ev,iTW_pp,iTW_sh,oTW_ev,oTW_pp,oTW_sh,iGW_ev,iGW_pp,iGW_sh,oGW_ev,oGW_pp,oGW_sh,iMD_ev,iMD_pp,iMD_sh,oMD_ev,oMD_pp,oMD_sh,iMC_ev,iMC_pp,iMC_sh,oMC_ev,oMC_pp,oMC_sh,iCF_neither_ev,iCF_neither_pp,iCF_neither_sh,iCF_rush_ev,iCF_rush_pp,iCF_rush_sh,iCF_rebound_ev,iCF_rebound_pp,iCF_rebound_sh,iCF_both_ev,iCF_both_pp,iCF_both_sh,oCF_neither_ev,oCF_neither_pp,oCF_neither_sh,oCF_rush_ev,oCF_rush_pp,oCF_rush_sh,oCF_rebound_ev,oCF_rebound_pp,oCF_rebound_sh,oCF_both_ev,oCF_both_pp,oCF_both_sh,oCA_neither_ev,oCA_neither_pp,oCA_neither_sh,oCA_rush_ev,oCA_rush_pp,oCA_rush_sh,oCA_rebound_ev,oCA_rebound_pp,oCA_rebound_sh,oCA_both_ev,oCA_both_pp,oCA_both_sh,iFF_neither_ev,iFF_neither_pp,iFF_neither_sh,iFF_rush_ev,iFF_rush_pp,iFF_rush_sh,iFF_rebound_ev,iFF_rebound_pp,iFF_rebound_sh,iFF_both_ev,iFF_both_pp,iFF_both_sh,oFF_neither_ev,oFF_neither_pp,oFF_neither_sh,oFF_rush_ev,oFF_rush_pp,oFF_rush_sh,oFF_rebound_ev,oFF_rebound_pp,oFF_rebound_sh,oFF_both_ev,oFF_both_pp,oFF_both_sh,oFA_neither_ev,oFA_neither_pp,oFA_neither_sh,oFA_rush_ev,oFA_rush_pp,oFA_rush_sh,oFA_rebound_ev,oFA_rebound_pp,oFA_rebound_sh,oFA_both_ev,oFA_both_pp,oFA_both_sh,iSF_neither_ev,iSF_neither_pp,iSF_neither_sh,iSF_rush_ev,iSF_rush_pp,iSF_rush_sh,iSF_rebound_ev,iSF_rebound_pp,iSF_rebound_sh,iSF_both_ev,iSF_both_pp,iSF_both_sh,oSF_neither_ev,oSF_neither_pp,oSF_neither_sh,oSF_rush_ev,oSF_rush_pp,oSF_rush_sh,oSF_rebound_ev,oSF_rebound_pp,oSF_rebound_sh,oSF_both_ev,oSF_both_pp,oSF_both_sh,oSA_neither_ev,oSA_neither_pp,oSA_neither_sh,oSA_rush_ev,oSA_rush_pp,oSA_rush_sh,oSA_rebound_ev,oSA_rebound_pp,oSA_rebound_sh,oSA_both_ev,oSA_both_pp,oSA_both_sh,iGF_neither_ev,iGF_neither_pp,iGF_neither_sh,iGF_rush_ev,iGF_rush_pp,iGF_rush_sh,iGF_rebound_ev,iGF_rebound_pp,iGF_rebound_sh,iGF_both_ev,iGF_both_pp,iGF_both_sh,oGF_neither_ev,oGF_neither_pp,oGF_neither_sh,oGF_rush_ev,oGF_rush_pp,oGF_rush_sh,oGF_rebound_ev,oGF_rebound_pp,oGF_rebound_sh,oGF_both_ev,oGF_both_pp,oGF_both_sh,oGA_neither_ev,oGA_neither_pp,oGA_neither_sh,oGA_rush_ev,oGA_rush_pp,oGA_rush_sh,oGA_rebound_ev,oGA_rebound_pp,oGA_rebound_sh,oGA_both_ev,oGA_both_pp,oGA_both_sh,iAPF_neither_ev,iAPF_neither_pp,iAPF_neither_sh,iAPF_rush_ev,iAPF_rush_pp,iAPF_rush_sh,iAPF_rebound_ev,iAPF_rebound_pp,iAPF_rebound_sh,iAPF_both_ev,iAPF_both_pp,iAPF_both_sh,oAPF_neither_ev,oAPF_neither_pp,oAPF_neither_sh,oAPF_rush_ev,oAPF_rush_pp,oAPF_rush_sh,oAPF_rebound_ev,oAPF_rebound_pp,oAPF_rebound_sh,oAPF_both_ev,oAPF_both_pp,oAPF_both_sh,oAPA_neither_ev,oAPA_neither_pp,oAPA_neither_sh,oAPA_rush_ev,oAPA_rush_pp,oAPA_rush_sh,oAPA_rebound_ev,oAPA_rebound_pp,oAPA_rebound_sh,oAPA_both_ev,oAPA_both_pp,oAPA_both_sh,iASF_neither_ev,iASF_neither_pp,iASF_neither_sh,iASF_rush_ev,iASF_rush_pp,iASF_rush_sh,iASF_rebound_ev,iASF_rebound_pp,iASF_rebound_sh,iASF_both_ev,iASF_both_pp,iASF_both_sh,oASF_neither_ev,oASF_neither_pp,oASF_neither_sh,oASF_rush_ev,oASF_rush_pp,oASF_rush_sh,oASF_rebound_ev,oASF_rebound_pp,oASF_rebound_sh,oASF_both_ev,oASF_both_pp,oASF_both_sh,oASA_neither_ev,oASA_neither_pp,oASA_neither_sh,oASA_rush_ev,oASA_rush_pp,oASA_rush_sh,oASA_rebound_ev,oASA_rebound_pp,oASA_rebound_sh,oASA_both_ev,oASA_both_pp,oASA_both_sh,iRCF_neither_ev,iRCF_neither_pp,iRCF_neither_sh,iRCF_rush_ev,iRCF_rush_pp,iRCF_rush_sh,iRCF_rebound_ev,iRCF_rebound_pp,iRCF_rebound_sh,iRCF_both_ev,iRCF_both_pp,iRCF_both_sh,oRCF_neither_ev,oRCF_neither_pp,oRCF_neither_sh,oRCF_rush_ev,oRCF_rush_pp,oRCF_rush_sh,oRCF_rebound_ev,oRCF_rebound_pp,oRCF_rebound_sh,oRCF_both_ev,oRCF_both_pp,oRCF_both_sh,oRCA_neither_ev,oRCA_neither_pp,oRCA_neither_sh,oRCA_rush_ev,oRCA_rush_pp,oRCA_rush_sh,oRCA_rebound_ev,oRCA_rebound_pp,oRCA_rebound_sh,oRCA_both_ev,oRCA_both_pp,oRCA_both_sh
2011020001,2011-10-06,15.033333333333333,2.2,5.25,0,0,0,3,0,4,0,0,0,10,2,5,0,0,0,3,0,1,1,0,0,6,0,0,0,0,0,0,0,0,0,0,0,0,1,0,0,0,0,4,0,0,0,0,0,4,2,0,0,0,0,0,0,0,0,0,0,0,0,0,13,0,1,0,0,0,1,0,0,0,0,0,12,0,10,0,0,0,0,0,1,0,0,0,0,0,0,0,0,0,0,0,0,0,0,0,8,0,1,0,0,0,1,0,0,0,0,0,7,0,6,0,0,0,0,0,0,0,0,0,0,0,0,0,0,0,0,0,0,0,0,0,4,0,1,0,0,0,1,0,0,0,0,0,6,0,5,0,0,0,0,0,0,0,0,0,0,0,0,0,0,0,0,0,0,0,0,0,0,0,0,0,0,0,0,0,0,0,0,0,0,0,1,0,0,0,0,0,0,0,0,0,0,0,0,0,0,0,0,0,0,0,0,0,0,0,0,0,0,0,0,0,0,0,0,0,0,0,1,0,0,0,0,0,0,0,0,0,0,0,0,0,0,0,0,0,0,0,0,0,0,0,0,0,0,0,0,0,0,0,0,0,0,0,1,0,0,0,0,0,0,0,0,0,0,0,0,0,0,0,0,0,0,0,0,0,2,0,0,0,0,0,0,0,0,0,0,0,0,0,1,0,0,0,0,0,0,0,0,0
2011020012,2011-10-08,11.666666666666666,6.1,5.166666666666667,0,0,0,2,3,4,0,0,0,11,3,7,0,0,1,7,0,1,0,0,0,5,1,1,0,0,0,0,0,0,0,0,0,2,0,0,2,0,0,4,0,0,0,0,0,0,2,2,0,1,0,0,0,0,0,0,0,0,0,0,5,6,1,0,1,0,0,0,0,0,0,0,7,1,5,0,0,0,0,0,0,0,0,0,0,1,0,0,0,0,0,0,0,0,0,0,3,4,1,0,1,0,0,0,0,0,0,0,7,1,2,0,0,0,0,0,0,0,0,0,0,1,0,0,0,0,0,0,0,0,0,0,3,2,1,0,1,0,0,0,0,0,0,0,5,1,1,0,0,0,0,0,0,0,0,0,0,0,0,0,0,0,0,0,0,0,0,0,1,0,0,0,0,0,0,0,0,0,0,0,0,0,0,0,0,0,0,0,0,0,0,0,0,0,0,0,0,0,0,0,0,0,0,0,1,0,0,0,0,0,0,0,0,0,0,0,0,0,0,0,0,0,0,0,0,0,0,0,0,0,0,0,0,0,0,0,0,0,0,0,0,0,0,0,0,0,0,0,0,0,0,0,0,0,0,0,0,0,0,0,0,0,0,0,0,0,0,0,0,0,0,0,0,0,0,0,0,0,0,0,0,0,0,0,0,0,0,0,0,0,0,0,0,0,0,0,0,0,0,0
2011020035,2011-10-12,11.066666666666666,4.95,9.083333333333334,0,0,0,6,3,5,0,0,0,3,4,7,0,0,0,3,0,1,0,0,0,4,1,0,0,0,0,3,0,0,1,0,0,2,0,2,0,0,0,4,0,0,0,0,0,2,0,0,0,0,0,0,0,0,0,0,0,0,0,0,7,5,0,0,0,0,1,0,0,0,0,0,14,2,19,0,0,0,1,0,3,0,0,0,0,0,0,0,0,0,0,0,0,0,0,0,4,2,0,0,0,0,1,0,0,0,0,0,6,2,11,0,0,0,1,0,3,0,0,0,0,0,0,0,0,0,0,0,0,0,0,0,3,1,0,0,0,0,1,0,0,0,0,0,5,2,7,0,0,0,1,0,1,0,0,0,0,0,0,0,0,0,0,0,0,0,0,0,0,0,0,0,0,0,1,0,0,0,0,0,1,0,1,0,0,0,1,0,1,0,0,0,0,0,0,0,0,0,0,0,0,0,0,0,0,0,0,0,0,0,1,0,0,0,0,0,1,0,1,0,0,0,1,0,1,0,0,0,0,0,0,0,0,0,1,0,0,0,0,0,0,0,0,0,0,0,1,0,0,0,0,0,1,0,1,0,0,0,1,0,1,0,0,0,0,0,0,0,0,0,0,0,0,0,0,0,1,0,0,0,0,0,0,0,0,0,0,0,1,0,3,0,0,0,0,0,0,0,0,0
2011020052,2011-10-15,13.05,2.683333333333333,6.466666666666667,0,0,0,10,1,3,0,0,0,7,2,5,0,0,0,3,0,1,3,0,0,5,0,1,0,0,1,0,2,1,0,0,1,2,1,0,0,0,0,6,25,2,2,0,0,14,7,0,4,0,0,0,0,0,0,0,0,0,0,0,18,4,1,1,0,0,1,0,0,0,0,0,8,0,7,0,0,0,0,0,1,0,0,0,2,0,0,0,0,0,0,0,0,0,0,0,12,3,0,1,0,0,1,0,0,0,0,0,3,0,4,0,0,0,0,0,1,0,0,0,2,0,0,0,0,0,0,0,0,0,0,0,7,3,0,1,0,0,1,0,0,0,0,0,3,0,4,0,0,0,0,0,1,0,0,0,0,0,0,0,0,0,0,0,0,0,0,0,0,1,0,0,0,0,0,0,0,0,0,0,0,0,0,0,0,0,0,0,0,0,0,0,0,0,0,0,0,0,0,0,0,0,0,0,0,1,0,0,0,0,0,0,0,0,0,0,0,0,0,0,0,0,0,0,0,0,0,0,0,0,0,0,0,0,0,0,0,0,0,0,0,1,0,0,0,0,0,0,0,0,0,0,0,0,0,0,0,0,0,0,0,0,0,0,0,0,0,0,0,0,0,0,0,0,0,0,1,0,0,0,0,0,0,0,0,0,0,0,0,0,1,0,0,0,0,0,0,0,0,0
2011020073,2011-10-18,11.083333333333334,3.9,5.233333333333333,0,0,0,8,2,2,0,0,0,9,1,5,1,0,0,5,0,0,2,0,0,8,0,0,0,0,1,0,0,3,0,0,0,1,1,0,0,0,0,11,0,2,0,0,0,0,5,0,0,0,0,0,0,0,0,0,0,0,0,0,5,5,2,0,0,0,0,0,0,0,0,0,11,0,9,0,0,0,1,0,1,0,0,0,0,0,0,0,0,0,0,0,0,0,0,0,3,3,2,0,0,0,0,0,0,0,0,0,7,0,6,0,0,0,0,0,1,0,0,0,0,0,0,0,0,0,0,0,0,0,0,0,2,2,2,0,0,0,0,0,0,0,0,0,2,0,4,0,0,0,0,0,1,0,0,0,0,0,0,0,0,0,0,0,0,0,0,0,0,1,0,0,0,0,0,0,0,0,0,0,0,0,0,0,0,0,0,0,0,0,0,0,0,0,0,0,0,0,0,0,0,0,0,0,0,1,0,0,0,0,0,0,0,0,0,0,0,0,0,0,0,0,0,0,0,0,0,0,0,1,0,0,0,0,0,0,0,0,0,0,0,1,0,0,0,0,0,0,0,0,0,0,0,0,0,0,0,0,0,0,0,0,0,0,0,0,0,0,0,0,0,0,0,0,0,0,0,0,0,0,0,0,0,0,0,0,0,0,1,0,1,0,0,0,0,0,0,0,0,0
2011020081,2011-10-20,8.183333333333334,0.4,4.683333333333334,0,0,0,4,0,2,0,0,0,5,0,3,0,0,0,4,0,0,0,0,0,1,0,0,0,0,0,0,0,1,0,0,0,2,0,0,0,0,0,0,0,2,0,0,0,6,0,0,0,1,0,0,0,0,0,0,0,0,0,0,9,1,0,0,0,0,0,0,0,0,0,0,8,0,6,2,0,0,0,0,0,0,0,0,0,1,0,0,0,0,0,0,0,0,0,0,5,1,0,0,0,0,0,0,0,0,0,0,6,0,6,2,0,0,0,0,0,0,0,0,0,1,0,0,0,0,0,0,0,0,0,0,5,1,0,0,0,0,0,0,0,0,0,0,6,0,4,1,0,0,0,0,0,0,0,0,0,0,0,0,0,0,0,0,0,0,0,0,0,0,0,0,0,0,0,0,0,0,0,0,1,0,1,1,0,0,0,0,0,0,0,0,0,0,0,0,0,0,0,0,0,0,0,0,0,0,0,0,0,0,0,0,0,0,0,0,1,0,1,0,0,0,0,0,0,0,0,0,0,0,0,0,0,0,0,0,0,0,0,0,0,0,0,0,0,0,0,0,0,0,0,0,0,0,1,0,0,0,0,0,0,0,0,0,0,0,0,0,0,0,0,0,0,0,0,0,0,0,0,0,0,0,0,0,0,0,0,0,0,0,0,0,0,0,0,0,0,0,0,0
2011020100,2011-10-22,15.783333333333333,3.35,1.8166666666666667,0,0,0,14,2,3,0,0,0,8,1,0,1,0,0,10,0,0,1,0,0,8,0,1,1,0,0,3,0,0,0,0,0,3,0,0,0,0,0,0,0,0,0,0,0,2,2,0,4,0,0,0,0,0,0,0,0,0,0,0,13,5,1,0,0,0,3,1,0,0,0,0,12,0,0,0,0,0,0,0,0,0,0,0,4,0,0,0,0,0,0,0,0,0,0,0,8,4,1,0,0,0,3,1,0,0,0,0,7,0,0,0,0,0,0,0,0,0,0,0,3,0,0,0,0,0,0,0,0,0,0,0,7,4,1,0,0,0,3,0,0,0,0,0,3,0,0,0,0,0,0,0,0,0,0,0,0,0,0,0,0,0,0,0,0,0,0,0,0,0,0,0,0,0,1,0,0,0,0,0,1,0,0,0,0,0,0,0,0,0,0,0,0,0,0,0,0,0,0,0,0,0,0,0,0,0,0,0,0,0,1,0,0,0,0,0,1,0,0,0,0,0,0,0,0,0,0,0,0,0,0,0,0,0,0,0,0,0,0,0,0,0,0,0,0,0,1,0,0,0,0,0,0,0,0,0,0,0,0,0,0,0,0,0,0,0,0,0,0,0,0,0,0,0,0,0,1,2,0,0,0,0,1,0,0,0,0,0,0,0,0,0,0,0,0,0,0,0,0,0
2011020110,2011-10-24,18.2,4.9,3.4833333333333334,0,0,0,9,2,3,0,0,0,10,3,3,0,0,0,5,2,1,0,0,0,4,1,2,0,0,0,3,0,1,2,0,0,5,1,0,0,0,0,10,0,0,0,0,0,0,2,0,3,0,0,0,0,0,0,0,0,0,0,0,18,8,1,0,0,0,2,0,0,0,0,0,10,1,1,2,0,0,1,0,0,0,0,0,2,0,0,0,0,0,0,0,0,0,0,0,15,7,1,0,0,0,1,0,0,0,0,0,8,1,1,1,0,0,1,0,0,0,0,0,0,0,0,0,0,0,0,0,0,0,0,0,11,5,1,0,0,0,1,0,0,0,0,0,5,1,1,1,0,0,1,0,0,0,0,0,0,0,0,0,0,0,0,0,0,0,0,0,2,2,0,0,0,0,0,0,0,0,0,0,0,0,0,0,0,0,0,0,0,0,0,0,0,0,0,0,0,0,0,0,0,0,0,0,2,2,0,0,0,0,0,0,0,0,0,0,0,0,0,0,0,0,0,0,0,0,0,0,1,1,0,0,0,0,0,0,0,0,0,0,2,1,0,0,0,0,0,0,0,0,0,0,0,0,0,0,0,0,0,0,0,0,0,0,0,0,0,0,0,0,0,0,0,0,0,0,2,0,0,0,0,0,0,0,0,0,0,0,1,0,0,0,0,0,0,0,0,0,0,0
2011020122,2011-10-26,14.533333333333333,2.4166666666666665,5.333333333333333,0,0,0,7,3,1,0,0,0,13,0,4,0,0,0,3,0,0,2,0,1,8,0,1,1,0,0,1,0,0,1,0,0,1,0,1,0,0,0,10,0,0,0,0,0,10,0,0,2,0,0,1,0,0,0,0,0,0,0,0,6,5,0,5,0,0,0,0,0,0,0,0,14,0,12,0,0,0,1,0,0,0,0,0,1,0,0,1,0,0,0,0,0,0,0,0,5,4,0,3,0,0,0,0,0,0,0,0,10,0,9,0,0,0,1,0,0,0,0,0,1,0,0,1,0,0,0,0,0,0,0,0,3,1,0,3,0,0,0,0,0,0,0,0,6,0,7,0,0,0,1,0,0,0,0,0,0,0,0,0,0,0,0,0,0,0,0,0,0,0,0,0,0,0,0,0,0,0,0,0,0,0,1,0,0,0,0,0,0,0,0,0,0,0,0,0,0,0,0,0,0,0,0,0,0,0,0,0,0,0,0,0,0,0,0,0,0,0,1,0,0,0,0,0,0,0,0,0,0,0,0,0,0,0,0,0,0,0,0,0,0,0,0,0,0,0,0,0,0,0,0,0,0,0,0,0,0,0,0,0,0,0,0,0,0,0,0,0,0,0,0,0,0,0,0,0,0,0,0,0,0,0,0,0,0,0,0,0,0,0,1,0,0,0,0,0,0,0,0,0
2011020128,2011-10-27,14.25,4.633333333333334,4.016666666666667,0,0,0,11,5,2,0,0,0,8,2,3,1,0,0,6,0,1,0,0,1,5,1,2,0,0,0,0,0,0,0,0,0,1,1,0,0,0,0,2,0,0,2,0,0,4,0,0,4,3,1,0,0,0,0,0,0,0,0,0,24,8,2,3,0,0,3,2,0,0,0,0,8,1,5,0,0,0,1,0,0,0,0,0,2,1,1,0,0,0,0,0,0,0,0,0,20,2,2,3,0,0,2,2,0,0,0,0,6,1,4,0,0,0,1,0,0,0,0,0,0,1,1,0,0,0,0,0,0,0,0,0,14,2,1,3,0,0,2,2,0,0,0,0,6,1,3,0,0,0,1,0,0,0,0,0,0,0,0,0,0,0,0,0,0,0,0,0,3,0,0,0,0,0,1,1,0,0,0,0,1,0,1,0,0,0,0,0,0,0,0,0,1,0,0,0,0,0,0,1,0,0,0,0,3,0,0,0,0,0,1,1,0,0,0,0,1,0,1,0,0,0,0,0,0,0,0,0,2,0,0,0,0,0,0,0,0,0,0,0,3,0,0,0,0,0,1,1,0,0,0,0,1,0,1,0,0,0,0,0,0,0,0,0,0,1,0,0,0,0,0,0,0,0,0,0,3,2,0,0,0,0,1,0,0,0,0,0,1,0,0,0,0,0,0,0,0,0,0,0
2011020145,2011-10-29,13.816666666666666,4.7,3.35,0,0,0,4,1,3,0,0,0,12,5,3,0,0,0,3,0,1,1,0,0,6,0,0,1,0,0,2,0,0,0,0,1,5,0,1,0,0,0,0,2,0,0,0,0,2,0,0,1,0,0,0,0,0,0,0,0,0,0,0,9,2,1,2,0,0,0,1,1,0,0,0,14,1,7,0,0,1,1,0,0,0,0,0,1,0,0,0,0,0,0,0,0,0,0,0,8,1,1,2,0,0,0,1,1,0,0,0,11,1,3,0,0,1,1,0,0,0,0,0,1,0,0,0,0,0,0,0,0,0,0,0,7,1,1,2,0,0,0,1,1,0,0,0,6,1,2,0,0,1,1,0,0,0,0,0,0,0,0,0,0,0,0,0,0,0,0,0,2,0,0,1,0,0,0,0,1,0,0,0,0,0,0,0,0,0,1,0,0,0,0,0,0,0,0,0,0,0,0,0,0,0,0,0,2,0,0,1,0,0,0,0,1,0,0,0,0,0,0,0,0,0,1,0,0,0,0,0,1,0,0,0,0,0,0,0,0,0,0,0,1,0,0,0,0,0,0,0,1,0,0,0,0,0,0,0,0,0,1,0,0,0,0,0,0,0,0,0,0,0,0,0,0,0,0,0,0,1,1,0,0,0,0,0,0,0,0,0,1,0,0,0,0,0,0,0,0,0,0,0
2011020165,2011-11-02,17.033333333333335,1.7166666666666666,3.6666666666666665,0,0,0,10,0,0,0,0,0,13,1,3,0,0,0,8,0,1,1,0,0,7,0,0,0,0,0,1,0,0,0,0,0,1,1,0,0,0,0,2,7,0,2,0,0,18,7,0,2,0,0,0,0,0,0,0,0,0,0,0,11,1,0,0,0,0,2,0,0,0,0,0,13,0,9,2,0,0,0,0,0,0,0,0,2,0,0,0,0,0,0,0,0,0,0,0,9,1,0,0,0,0,2,0,0,0,0,0,9,0,7,0,0,0,0,0,0,0,0,0,1,0,0,0,0,0,0,0,0,0,0,0,6,1,0,0,0,0,2,0,0,0,0,0,7,0,3,0,0,0,0,0,0,0,0,0,0,0,0,0,0,0,0,0,0,0,0,0,0,0,0,0,0,0,1,0,0,0,0,0,1,0,0,0,0,0,0,0,0,0,0,0,0,0,0,0,0,0,0,0,0,0,0,0,0,0,0,0,0,0,1,0,0,0,0,0,1,0,0,0,0,0,0,0,0,0,0,0,0,0,0,0,0,0,0,0,0,0,0,0,0,0,0,0,0,0,1,0,0,0,0,0,1,0,0,0,0,0,0,0,0,0,0,0,0,0,0,0,0,0,0,0,0,0,0,0,1,0,0,0,0,0,1,0,0,0,0,0,0,0,0,0,0,0,0,0,0,0,0,0
2011020170,2011-11-03,17.833333333333332,5.816666666666666,2.5166666666666666,0,0,0,14,4,1,0,0,0,5,0,2,0,0,0,4,0,0,0,0,0,2,1,0,0,0,0,1,0,0,2,0,0,5,1,0,2,0,0,6,0,0,0,0,0,0,0,0,1,1,0,0,0,0,1,0,0,0,0,0,9,8,3,1,0,0,1,0,1,0,0,0,13,1,5,1,1,0,1,0,0,1,0,0,1,1,0,0,0,0,0,0,0,0,0,0,5,5,3,1,0,0,0,0,0,0,0,0,8,1,2,0,1,0,1,0,0,1,0,0,0,1,0,0,0,0,0,0,0,0,0,0,3,3,2,1,0,0,0,0,0,0,0,0,6,1,2,0,1,0,1,0,0,1,0,0,0,0,0,0,0,0,0,0,0,0,0,0,0,0,0,0,0,0,0,0,0,0,0,0,1,0,0,0,0,0,0,0,0,0,0,0,0,0,0,0,0,0,0,0,0,0,0,0,0,0,0,0,0,0,0,0,0,0,0,0,1,0,0,0,0,0,0,0,0,0,0,0,0,0,0,0,0,0,0,0,0,0,0,0,0,0,0,0,0,0,0,0,0,0,0,0,1,0,0,0,0,0,0,0,0,0,0,0,0,0,0,0,0,0,0,0,0,0,0,0,1,0,1,0,0,0,0,0,0,0,0,0,2,0,0,0,0,0,0,0,0,0,0,0
2011020189,2011-11-05,7.35,3.066666666666667,0.8,0,0,0,6,5,0,0,0,0,8,1,1,0,0,0,0,0,0,2,0,0,7,0,0,0,0,0,3,0,0,0,0,0,0,0,0,2,0,0,6,0,10,0,0,0,10,0,0,0,0,0,0,0,0,0,0,0,0,0,0,8,3,0,0,0,0,0,0,0,0,0,0,10,0,0,0,0,0,0,0,0,0,0,0,0,0,0,0,0,0,0,0,0,0,0,0,8,3,0,0,0,0,0,0,0,0,0,0,7,0,0,0,0,0,0,0,0,0,0,0,0,0,0,0,0,0,0,0,0,0,0,0,4,2,0,0,0,0,0,0,0,0,0,0,3,0,0,0,0,0,0,0,0,0,0,0,0,0,0,0,0,0,0,0,0,0,0,0,0,1,0,0,0,0,0,0,0,0,0,0,0,0,0,0,0,0,0,0,0,0,0,0,0,0,0,0,0,0,0,0,0,0,0,0,0,1,0,0,0,0,0,0,0,0,0,0,0,0,0,0,0,0,0,0,0,0,0,0,0,1,0,0,0,0,0,0,0,0,0,0,0,1,0,0,0,0,0,0,0,0,0,0,0,0,0,0,0,0,0,0,0,0,0,0,0,0,0,0,0,0,0,0,0,0,0,0,0,0,0,0,0,0,0,0,0,0,0,0,0,0,0,0,0,0,0,0,0,0,0,0
2011020212,2011-11-09,13.1,3.1,6.15,0,0,1,5,3,4,0,0,0,9,3,4,0,0,0,3,0,1,1,0,1,4,1,1,0,0,0,0,0,0,1,0,1,1,1,1,0,0,0,4,0,0,2,0,0,2,2,0,1,0,0,0,0,0,0,0,0,0,0,0,3,6,2,1,0,0,0,0,0,0,0,0,14,1,6,0,0,1,2,0,1,0,0,0,1,0,0,0,0,0,0,0,0,0,0,0,3,5,2,1,0,0,0,0,0,0,0,0,10,1,4,0,0,1,2,0,1,0,0,0,0,0,0,0,0,0,0,0,0,0,0,0,2,4,1,0,0,0,0,0,0,0,0,0,4,0,2,0,0,1,0,0,1,0,0,0,0,0,0,0,0,0,0,0,0,0,0,0,0,1,0,0,0,0,0,0,0,0,0,0,0,0,0,0,0,0,0,0,1,0,0,0,0,0,0,0,0,0,0,0,0,0,0,0,0,1,0,0,0,0,0,0,0,0,0,0,0,0,0,0,0,0,0,0,1,0,0,0,0,1,0,0,0,0,0,0,0,0,0,0,0,1,0,0,0,0,0,0,0,0,0,0,0,0,0,0,0,0,0,0,1,0,0,0,0,0,0,0,0,0,0,0,0,0,0,0,0,0,0,0,0,0,0,0,0,0,0,0,1,0,1,0,0,0,1,0,0,0,0,0
2011020240,2011-11-13,11.75,3.6,6.383333333333334,0,0,0,6,2,6,0,0,0,5,0,2,0,0,0,4,1,0,1,0,0,5,1,0,0,0,0,1,0,1,0,0,0,1,1,0,2,0,2,7,0,2,0,0,0,4,5,0,3,0,1,0,0,0,0,0,0,0,0,0,15,5,2,0,0,0,1,1,0,2,0,0,8,0,7,0,0,0,1,0,0,0,0,0,2,0,1,0,0,0,0,0,0,0,0,0,12,3,2,0,0,0,1,1,0,2,0,0,7,0,4,0,0,0,1,0,0,0,0,0,2,0,1,0,0,0,0,0,0,0,0,0,9,2,2,0,0,0,0,1,0,2,0,0,5,0,4,0,0,0,1,0,0,0,0,0,0,0,0,0,0,0,0,0,0,0,0,0,1,0,0,0,0,0,0,0,0,1,0,0,0,0,0,0,0,0,1,0,0,0,0,0,0,0,0,0,0,0,0,0,0,0,0,0,1,0,0,0,0,0,0,0,0,1,0,0,0,0,0,0,0,0,1,0,0,0,0,0,0,0,0,0,0,0,0,0,0,0,0,0,1,0,0,0,0,0,0,0,0,1,0,0,0,0,0,0,0,0,1,0,0,0,0,0,0,0,0,0,0,0,0,0,0,0,0,0,2,1,0,0,0,0,0,0,0,1,0,0,1,0,0,0,0,0,0,0,0,0,0,0
2011020244,2011-11-14,12.65,3.1,3.4166666666666665,0,0,0,8,0,1,0,0,0,12,4,2,0,0,0,3,0,0,0,0,0,6,0,0,0,0,0,0,0,1,0,0,0,1,0,0,0,0,0,6,0,0,0,0,0,0,2,0,1,1,0,0,0,0,0,0,0,0,0,0,5,1,2,2,0,0,0,0,0,0,0,0,14,0,4,0,2,0,1,0,0,0,0,0,1,0,0,0,0,0,0,0,0,0,0,0,4,0,2,2,0,0,0,0,0,0,0,0,5,0,3,0,1,0,1,0,0,0,0,0,0,0,0,0,0,0,0,0,0,0,0,0,1,0,1,2,0,0,0,0,0,0,0,0,3,0,1,0,0,0,1,0,0,0,0,0,0,0,0,0,0,0,0,0,0,0,0,0,0,0,0,0,0,0,0,0,0,0,0,0,1,0,0,0,0,0,0,0,0,0,0,0,0,0,0,0,0,0,0,0,0,0,0,0,0,0,0,0,0,0,0,0,0,0,0,0,1,0,0,0,0,0,0,0,0,0,0,0,0,0,0,0,0,0,0,0,0,0,0,0,0,0,0,0,0,0,0,0,0,0,0,0,1,0,0,0,0,0,0,0,0,0,0,0,0,0,0,0,0,0,0,0,0,0,0,0,0,0,0,0,0,0,0,0,0,0,0,0,1,0,0,0,1,0,0,0,0,0,0,0
2011020262,2011-11-17,14.15,3.1,3.3,0,0,0,7,2,2,0,0,0,11,1,3,0,0,0,6,0,1,2,0,0,3,0,1,0,0,0,0,0,1,1,0,0,2,0,0,0,0,0,2,0,0,2,0,0,2,0,0,2,1,0,0,0,0,0,1,0,0,0,0,17,9,0,1,0,0,2,2,0,0,0,0,16,0,3,1,0,0,1,0,0,0,0,0,2,0,0,0,0,0,0,0,0,0,0,0,11,8,0,1,0,0,2,1,0,0,0,0,10,0,3,1,0,0,1,0,0,0,0,0,2,0,0,0,0,0,0,0,0,0,0,0,9,5,0,1,0,0,2,1,0,0,0,0,7,0,3,1,0,0,1,0,0,0,0,0,0,0,0,0,0,0,0,0,0,0,0,0,1,0,0,0,0,0,1,0,0,0,0,0,0,0,0,0,0,0,0,0,0,0,0,0,0,0,0,0,0,0,0,0,0,0,0,0,1,0,0,0,0,0,1,0,0,0,0,0,0,0,0,0,0,0,0,0,0,0,0,0,0,0,0,0,0,0,0,0,0,0,0,0,1,0,0,0,0,0,1,0,0,0,0,0,0,0,0,0,0,0,0,0,0,0,0,0,0,0,0,0,0,0,0,0,0,0,0,0,2,2,0,0,0,0,0,0,0,0,0,0,1,0,0,0,0,0,0,0,0,0,0,0
2011020274,2011-11-19,10.133333333333333,4.733333333333333,7.033333333333333,0,0,0,5,1,3,0,0,0,12,0,7,0,0,0,3,0,2,1,0,0,5,1,0,0,0,0,1,0,0,0,0,2,0,0,2,2,0,2,2,0,2,0,0,0,4,0,2,0,0,0,0,0,0,0,0,0,0,0,0,10,4,0,0,0,0,0,0,0,0,0,0,6,0,16,0,0,0,0,0,1,0,0,0,0,0,0,0,0,0,0,0,0,0,0,0,7,3,0,0,0,0,0,0,0,0,0,0,6,0,14,0,0,0,0,0,1,0,0,0,0,0,0,0,0,0,0,0,0,0,0,0,6,1,0,0,0,0,0,0,0,0,0,0,4,0,10,0,0,0,0,0,1,0,0,0,0,0,0,0,0,0,0,0,0,0,0,0,0,0,0,0,0,0,0,0,0,0,0,0,0,0,1,0,0,0,0,0,1,0,0,0,0,0,0,0,0,0,0,0,0,0,0,0,0,0,0,0,0,0,0,0,0,0,0,0,0,0,1,0,0,0,0,0,1,0,0,0,0,0,0,0,0,0,0,0,0,0,0,0,0,0,0,0,0,0,0,0,0,0,0,0,0,0,1,0,0,0,0,0,1,0,0,0,0,0,0,0,0,0,0,0,0,0,0,0,0,0,0,0,0,0,0,0,0,0,0,0,0,0,1,0,0,0,0,0,0,0,0,0
2011020290,2011-11-21,17.233333333333334,2.7333333333333334,2.15,0,0,0,12,2,2,0,0,0,15,2,2,0,0,0,10,0,0,2,0,0,6,2,0,0,0,0,0,0,0,0,0,0,1,1,1,0,0,0,4,0,0,0,0,0,2,0,0,2,0,1,0,0,0,0,0,0,0,0,0,17,4,1,1,0,0,0,0,0,0,0,0,10,0,4,1,0,1,2,0,3,0,0,1,2,0,1,0,0,0,0,0,0,0,0,0,14,2,1,0,0,0,0,0,0,0,0,0,8,0,3,1,0,1,2,0,3,0,0,1,1,0,1,0,0,0,0,0,0,0,0,0,9,2,1,0,0,0,0,0,0,0,0,0,7,0,2,1,0,1,2,0,2,0,0,1,0,0,0,0,0,0,0,0,0,0,0,0,0,1,0,0,0,0,0,0,0,0,0,0,0,0,1,0,0,0,1,0,1,0,0,0,0,0,0,0,0,0,0,0,0,0,0,0,0,1,0,0,0,0,0,0,0,0,0,0,0,0,1,0,0,0,1,0,1,0,0,0,0,1,0,0,0,0,0,0,0,0,0,0,0,1,0,0,0,0,0,0,0,0,0,0,0,0,1,0,0,0,1,0,1,0,0,0,0,0,0,0,0,0,0,0,0,0,0,0,0,0,0,0,0,0,0,0,0,0,0,0,2,0,2,0,0,1,0,0,1,0,0,0
2011020302,2011-11-23,15.333333333333334,4.016666666666667,4.733333333333333,0,0,0,6,3,2,0,0,0,12,2,3,2,0,1,6,0,1,0,0,0,5,1,0,1,0,0,4,1,2,0,1,1,3,1,1,0,0,0,2,0,0,0,0,0,4,0,0,3,0,1,0,0,0,0,0,0,0,0,0,13,7,1,0,0,0,1,1,1,0,0,0,19,0,5,1,0,0,0,0,0,0,0,0,3,0,0,0,0,0,0,0,0,0,0,0,9,5,0,0,0,0,1,1,1,0,0,0,15,0,2,1,0,0,0,0,0,0,0,0,2,0,0,0,0,0,0,0,0,0,0,0,7,2,0,0,0,0,1,1,0,0,0,0,12,0,1,1,0,0,0,0,0,0,0,0,0,0,0,0,0,0,0,0,0,0,0,0,0,0,0,0,0,0,0,1,0,0,0,0,0,0,0,1,0,0,0,0,0,0,0,0,0,0,0,0,0,0,0,0,0,0,0,0,0,0,0,0,0,0,0,1,0,0,0,0,0,0,0,1,0,0,0,0,0,0,0,0,0,0,0,0,0,0,0,0,0,0,0,0,0,0,0,0,0,0,0,1,0,0,0,0,0,0,0,0,0,0,0,0,0,0,0,0,0,0,1,0,0,0,0,0,0,0,0,0,1,1,1,0,0,0,0,0,0,0,0,0,0,0,0,0,0,0,0,0,0,0,0,0
2011020315,2011-11-25,15.4,4.5,5.05,0,0,0,6,4,3,0,0,0,7,0,3,0,0,0,9,1,0,3,0,0,10,0,1,0,0,0,2,0,2,0,0,1,1,1,2,0,0,0,2,2,0,0,0,0,0,0,0,2,2,0,0,0,0,0,0,0,0,0,0,13,8,1,0,0,0,2,3,0,0,0,0,15,0,10,2,1,0,2,0,0,0,0,0,2,2,0,0,0,0,0,0,0,0,0,0,9,6,1,0,0,0,2,2,0,0,0,0,13,0,6,1,1,0,2,0,0,0,0,0,2,2,0,0,0,0,0,0,0,0,0,0,7,5,1,0,0,0,2,1,0,0,0,0,8,0,3,1,0,0,1,0,0,0,0,0,0,0,0,0,0,0,0,0,0,0,0,0,1,0,0,0,0,0,1,0,0,0,0,0,0,0,0,0,0,0,0,0,0,0,0,0,1,0,0,0,0,0,0,0,0,0,0,0,1,0,0,0,0,0,1,0,0,0,0,0,0,0,0,0,0,0,0,0,0,0,0,0,0,0,0,0,0,0,0,0,0,0,0,0,1,0,0,0,0,0,1,0,0,0,0,0,0,0,0,0,0,0,0,0,0,0,0,0,0,0,0,0,0,0,0,0,0,0,0,0,2,3,0,0,0,0,0,0,0,0,0,0,2,0,0,0,0,0,0,0,0,0,0,0
2011020327,2011-11-26,18.55,2.5,3.4166666666666665,0,0,0,15,2,1,0,0,0,8,0,5,2,0,0,13,0,0,1,0,0,8,0,0,1,0,0,3,0,1,0,0,0,0,0,0,0,0,0,5,0,0,0,0,0,0,5,0,2,1,0,0,0,0,0,0,0,0,0,0,13,2,1,1,0,0,0,0,0,0,0,0,13,0,7,2,0,0,0,0,1,0,0,0,1,0,0,0,0,0,0,0,0,0,0,0,10,1,1,0,0,0,0,0,0,0,0,0,7,0,7,2,0,0,0,0,1,0,0,0,0,0,0,0,0,0,0,0,0,0,0,0,5,0,1,0,0,0,0,0,0,0,0,0,5,0,6,1,0,0,0,0,1,0,0,0,0,0,0,0,0,0,0,0,0,0,0,0,0,0,0,0,0,0,0,0,0,0,0,0,0,0,1,0,0,0,0,0,0,0,0,0,0,0,0,0,0,0,0,0,0,0,0,0,0,0,0,0,0,0,0,0,0,0,0,0,0,0,1,0,0,0,0,0,0,0,0,0,0,0,0,0,0,0,0,0,0,0,0,0,0,0,0,0,0,0,0,0,0,0,0,0,0,0,1,0,0,0,0,0,0,0,0,0,0,0,0,0,0,0,0,0,0,0,0,0,0,0,0,0,0,0,0,0,0,0,0,0,0,0,1,0,0,0,0,0,0,0,0,0
2011020371,2011-12-02,16.166666666666668,6.883333333333334,2.533333333333333,0,0,0,5,6,0,0,0,0,12,2,2,1,0,0,8,0,1,2,1,0,7,1,0,1,0,0,2,0,0,0,0,0,1,1,0,0,0,0,6,2,0,2,0,0,4,2,0,3,3,1,0,0,0,0,0,0,0,0,0,11,18,2,1,0,0,1,0,0,0,0,0,12,0,1,1,1,0,1,0,0,0,0,0,2,3,1,0,0,0,0,0,0,0,0,0,10,14,1,1,0,0,1,0,0,0,0,0,10,0,0,1,1,0,1,0,0,0,0,0,2,3,1,0,0,0,0,0,0,0,0,0,10,10,1,0,0,0,1,0,0,0,0,0,5,0,0,1,1,0,0,0,0,0,0,0,0,0,0,0,0,0,0,0,0,0,0,0,1,2,0,0,0,0,0,0,0,0,0,0,0,0,0,0,0,0,0,0,0,0,0,0,1,2,0,0,0,0,0,0,0,0,0,0,1,2,0,0,0,0,0,0,0,0,0,0,0,0,0,0,0,0,0,0,0,0,0,0,0,0,0,0,0,0,0,0,0,0,0,0,1,2,0,0,0,0,0,0,0,0,0,0,0,0,0,0,0,0,0,0,0,0,0,0,0,0,0,0,0,0,0,0,0,0,0,0,1,0,0,0,0,0,0,0,0,0,0,0,1,0,0,0,0,0,0,0,0,0,0,0
2011020380,2011-12-03,18.566666666666666,1.7333333333333334,1.85,0,0,0,8,1,3,0,0,0,11,1,0,1,0,0,4,0,0,1,0,1,14,0,1,0,0,0,2,0,0,0,0,0,0,0,0,0,0,0,4,0,0,2,2,0,6,2,2,3,0,0,0,0,0,0,0,0,0,0,0,17,2,1,0,0,0,0,0,0,0,0,0,24,0,0,0,0,0,2,0,0,0,0,0,3,0,0,0,0,0,0,0,0,0,0,0,13,2,1,0,0,0,0,0,0,0,0,0,20,0,0,0,0,0,2,0,0,0,0,0,2,0,0,0,0,0,0,0,0,0,0,0,6,2,1,0,0,0,0,0,0,0,0,0,13,0,0,0,0,0,2,0,0,0,0,0,0,0,0,0,0,0,0,0,0,0,0,0,1,0,0,0,0,0,0,0,0,0,0,0,1,0,0,0,0,0,0,0,0,0,0,0,1,0,0,0,0,0,0,0,0,0,0,0,1,0,0,0,0,0,0,0,0,0,0,0,1,0,0,0,0,0,0,0,0,0,0,0,0,0,0,0,0,0,0,0,0,0,0,0,1,0,0,0,0,0,0,0,0,0,0,0,1,0,0,0,0,0,0,0,0,0,0,0,0,0,0,0,0,0,0,0,0,0,0,0,0,0,0,0,0,0,0,0,0,0,0,0,1,0,0,0,0,0,1,0,0,0,0,0
2011020403,2011-12-07,19.866666666666667,1.2333333333333334,1.7166666666666666,0,0,0,16,1,1,0,0,0,12,1,2,2,0,0,9,0,0,1,0,0,4,0,0,0,0,0,1,0,1,0,0,0,2,0,0,0,0,0,2,0,0,2,0,0,4,0,0,4,0,0,0,0,0,0,0,0,0,0,0,17,4,0,0,0,0,0,1,0,0,0,0,16,0,4,1,0,0,0,0,0,0,0,0,4,0,0,0,0,0,0,0,0,0,0,0,17,3,0,0,0,0,0,1,0,0,0,0,12,0,4,1,0,0,0,0,0,0,0,0,3,0,0,0,0,0,0,0,0,0,0,0,11,2,0,0,0,0,0,1,0,0,0,0,8,0,2,1,0,0,0,0,0,0,0,0,0,0,0,0,0,0,0,0,0,0,0,0,2,0,0,0,0,0,0,0,0,0,0,0,0,0,2,0,0,0,0,0,0,0,0,0,1,0,0,0,0,0,0,0,0,0,0,0,2,0,0,0,0,0,0,0,0,0,0,0,0,0,2,0,0,0,0,0,0,0,0,0,0,0,0,0,0,0,0,0,0,0,0,0,1,0,0,0,0,0,0,0,0,0,0,0,0,0,2,0,0,0,0,0,0,0,0,0,0,0,0,0,0,0,0,0,0,0,0,0,0,1,0,0,0,0,0,0,0,0,0,0,0,0,0,0,0,0,0,0,0,0,0,0
2011020409,2011-12-08,13.433333333333334,5.9,4,0,0,0,9,1,3,0,0,0,8,6,3,1,0,0,7,0,0,1,0,0,6,1,1,0,0,0,4,0,0,0,0,0,3,0,1,0,0,2,8,0,7,0,0,0,5,0,0,1,1,0,0,0,0,0,0,0,0,0,0,9,7,2,1,0,0,0,0,0,0,0,0,10,3,8,1,0,0,1,0,0,0,0,0,1,1,0,0,0,0,0,0,0,0,0,0,8,7,2,1,0,0,0,0,0,0,0,0,6,2,5,1,0,0,1,0,0,0,0,0,1,0,0,0,0,0,0,0,0,0,0,0,4,4,2,1,0,0,0,0,0,0,0,0,4,2,2,1,0,0,1,0,0,0,0,0,0,0,0,0,0,0,0,0,0,0,0,0,0,1,0,0,0,0,0,0,0,0,0,0,0,0,1,0,0,0,1,0,0,0,0,0,0,0,0,0,0,0,0,0,0,0,0,0,0,1,0,0,0,0,0,0,0,0,0,0,0,0,1,0,0,0,1,0,0,0,0,0,0,0,0,0,0,0,0,0,0,0,0,0,0,1,0,0,0,0,0,0,0,0,0,0,0,0,1,0,0,0,1,0,0,0,0,0,0,0,0,0,0,0,0,0,0,0,0,0,0,0,0,0,0,0,0,0,0,0,0,0,1,0,0,0,0,0,0,0,0,0,0,0
2011020425,2011-12-10,14.1,3.45,4.05,0,0,0,10,2,3,0,0,0,7,0,4,0,0,0,4,0,0,1,0,0,5,0,1,1,0,0,4,0,0,1,0,1,2,0,1,0,0,0,0,0,0,0,0,0,0,0,0,1,2,2,1,0,0,0,0,0,0,0,0,9,6,4,2,0,0,1,0,0,0,0,0,10,0,5,0,0,1,0,0,0,0,0,0,1,1,2,0,0,0,0,0,0,0,0,0,6,4,3,1,0,0,1,0,0,0,0,0,7,0,3,0,0,0,0,0,0,0,0,0,1,1,1,0,0,0,0,0,0,0,0,0,6,3,2,1,0,0,1,0,0,0,0,0,5,0,2,0,0,0,0,0,0,0,0,0,0,0,0,0,0,0,0,0,0,0,0,0,1,1,0,0,0,0,0,0,0,0,0,0,1,0,0,0,0,0,0,0,0,0,0,0,0,0,0,0,0,0,0,0,0,0,0,0,1,1,0,0,0,0,0,0,0,0,0,0,1,0,0,0,0,0,0,0,0,0,0,0,1,1,0,0,0,0,0,0,0,0,0,0,1,1,0,0,0,0,0,0,0,0,0,0,1,0,0,0,0,0,0,0,0,0,0,0,1,0,0,0,0,0,0,0,0,0,0,0,1,0,0,0,0,0,0,0,0,0,0,0,0,0,0,0,0,0,0,0,0,0,0,0
2011020441,2011-12-13,18.383333333333333,0.7,3,0,0,0,11,0,2,0,0,0,4,0,2,2,0,0,9,0,0,3,0,0,10,0,0,2,0,0,2,0,2,0,0,0,0,0,1,0,0,0,0,0,0,0,0,0,4,0,0,0,0,0,1,0,0,0,0,0,0,0,0,19,1,0,3,0,0,0,0,0,0,0,0,18,0,3,1,0,0,0,0,0,0,0,0,0,0,0,0,0,0,0,0,0,0,0,0,14,1,0,1,0,0,0,0,0,0,0,0,15,0,3,1,0,0,0,0,0,0,0,0,0,0,0,0,0,0,0,0,0,0,0,0,9,1,0,1,0,0,0,0,0,0,0,0,10,0,3,0,0,0,0,0,0,0,0,0,0,0,0,0,0,0,0,0,0,0,0,0,1,0,0,0,0,0,0,0,0,0,0,0,0,0,0,0,0,0,0,0,0,0,0,0,0,0,0,0,0,0,0,0,0,0,0,0,1,0,0,0,0,0,0,0,0,0,0,0,0,0,0,0,0,0,0,0,0,0,0,0,0,0,0,0,0,0,0,0,0,0,0,0,1,0,0,0,0,0,0,0,0,0,0,0,0,0,0,0,0,0,0,0,0,0,0,0,0,0,0,0,0,0,0,0,0,0,0,0,0,0,0,0,0,0,0,0,0,0,0,0,0,0,0,0,0,0,0,0,0,0,0,0
2011020454,2011-12-15,11.383333333333333,7.166666666666667,8.05,0,0,0,7,4,4,0,0,0,4,3,7,1,0,1,1,1,2,0,0,0,2,1,0,0,0,0,0,0,1,0,0,2,0,0,5,4,0,0,4,0,2,0,0,0,2,0,4,1,0,0,0,0,0,0,0,0,0,0,0,5,9,1,0,0,0,1,0,0,0,0,0,7,1,17,0,0,1,1,0,1,0,0,1,1,0,0,0,0,0,0,0,0,0,0,0,4,4,0,0,0,0,1,0,0,0,0,0,6,1,14,0,0,1,1,0,1,0,0,1,0,0,0,0,0,0,0,0,0,0,0,0,2,3,0,0,0,0,0,0,0,0,0,0,5,1,11,0,0,0,1,0,1,0,0,1,0,0,0,0,0,0,0,0,0,0,0,0,0,0,0,0,0,0,0,0,0,0,0,0,0,0,1,0,0,0,0,0,0,0,0,0,0,0,0,0,0,0,0,0,0,0,0,0,0,0,0,0,0,0,0,0,0,0,0,0,0,0,1,0,0,0,0,0,0,0,0,0,0,0,0,0,0,0,0,0,0,0,0,0,0,0,0,0,0,0,0,0,0,0,0,0,0,0,1,0,0,0,0,0,0,0,0,0,1,0,0,0,0,0,0,0,0,0,0,0,1,0,0,0,0,0,0,0,0,0,0,0,1,0,2,0,0,0,0,0,0,0,0,0
2011020466,2011-12-17,8.883333333333333,9.5,4.6,0,0,0,2,9,3,0,0,0,6,0,6,0,0,0,4,1,1,1,1,0,6,4,0,0,0,0,2,0,0,0,0,0,1,0,1,0,0,0,5,17,2,0,0,0,0,7,2,1,4,0,0,0,0,0,0,0,0,0,0,8,14,1,1,1,0,1,3,0,0,0,0,10,2,8,0,0,0,1,0,1,0,0,0,1,3,0,0,0,0,0,0,0,0,0,0,6,11,1,1,1,0,1,2,0,0,0,0,9,2,8,0,0,0,1,0,1,0,0,0,1,1,0,0,0,0,0,0,0,0,0,0,4,7,1,1,0,0,1,2,0,0,0,0,7,2,7,0,0,0,1,0,1,0,0,0,0,0,0,0,0,0,0,0,0,0,0,0,0,0,0,0,0,0,0,0,0,0,0,0,0,0,2,0,0,0,0,0,1,0,0,0,0,0,0,0,0,0,0,0,0,0,0,0,0,0,0,0,0,0,0,0,0,0,0,0,0,0,2,0,0,0,0,0,1,0,0,0,0,0,0,0,0,0,0,0,0,0,0,0,0,0,0,0,0,0,0,0,0,0,0,0,0,0,2,0,0,0,0,0,1,0,0,0,0,1,0,0,0,0,0,0,0,0,0,0,1,3,0,0,0,0,0,0,0,0,0,0,1,0,1,0,0,0,0,0,0,0,0,0
2011020484,2011-12-19,18.15,4.9,2.0166666666666666,0,0,0,13,2,1,0,0,0,10,4,1,0,0,0,4,0,0,5,0,0,6,1,0,0,0,0,1,0,0,0,0,0,0,0,0,4,0,0,8,0,0,0,0,0,2,0,0,3,2,0,0,0,0,0,0,0,0,0,0,17,6,0,0,0,0,4,0,0,0,0,0,7,1,2,1,0,0,0,0,0,0,0,0,3,1,0,0,0,0,0,0,0,0,0,0,15,4,0,0,0,0,3,0,0,0,0,0,5,1,0,0,0,0,0,0,0,0,0,0,3,1,0,0,0,0,0,0,0,0,0,0,10,1,0,0,0,0,3,0,0,0,0,0,3,1,0,0,0,0,0,0,0,0,0,0,0,0,0,0,0,0,0,0,0,0,0,0,0,0,0,0,0,0,1,0,0,0,0,0,0,0,0,0,0,0,0,0,0,0,0,0,0,0,0,0,0,0,0,0,0,0,0,0,0,0,0,0,0,0,1,0,0,0,0,0,0,0,0,0,0,0,0,0,0,0,0,0,0,0,0,0,0,0,0,0,0,0,0,0,0,0,0,0,0,0,1,0,0,0,0,0,0,0,0,0,0,0,0,0,0,0,0,0,0,0,0,0,0,0,0,0,0,0,0,0,3,0,0,0,0,0,1,0,0,0,0,0,0,0,0,0,0,0,0,0,0,0,0,0
2011020496,2011-12-21,11,3.95,3.5833333333333335,0,0,0,7,3,1,0,0,0,5,2,5,0,1,0,7,1,0,2,0,1,6,1,3,0,0,0,1,0,1,0,0,0,1,1,0,0,0,0,2,0,0,0,0,0,0,0,0,2,1,1,0,0,0,0,0,0,0,0,0,13,8,2,1,0,0,1,0,0,0,0,0,15,2,3,0,0,0,0,0,0,0,0,0,2,1,0,0,0,0,0,0,0,0,0,0,10,8,0,0,0,0,1,0,0,0,0,0,11,2,2,0,0,0,0,0,0,0,0,0,2,1,0,0,0,0,0,0,0,0,0,0,5,7,0,0,0,0,1,0,0,0,0,0,9,1,0,0,0,0,0,0,0,0,0,0,0,0,0,0,0,0,0,0,0,0,0,0,0,2,0,0,0,0,1,0,0,0,0,0,1,0,0,0,0,0,0,0,0,0,0,0,0,1,0,0,0,0,0,0,0,0,0,0,0,2,0,0,0,0,1,0,0,0,0,0,1,0,0,0,0,0,0,0,0,0,0,0,0,1,0,0,0,0,0,0,0,0,0,0,0,2,0,0,0,0,1,0,0,0,0,0,1,0,0,0,0,0,0,0,0,0,0,0,0,0,0,0,0,0,0,0,0,0,0,0,1,0,0,0,0,0,0,0,0,0,0,0,0,0,0,0,0,0,0,0,0,0,0,0
2011020511,2011-12-23,16.566666666666666,5.133333333333334,2.65,0,0,0,6,3,1,0,0,0,11,2,2,0,0,0,7,0,0,0,0,0,6,2,0,0,0,0,0,0,1,0,1,0,1,1,0,4,0,0,4,0,0,2,0,0,6,0,0,1,3,0,0,0,0,0,0,0,0,0,0,17,8,0,2,0,0,0,0,0,0,0,0,11,2,7,1,0,0,0,0,1,0,0,0,0,3,0,0,0,0,0,0,0,0,0,0,12,7,0,1,0,0,0,0,0,0,0,0,7,0,4,0,0,0,0,0,1,0,0,0,0,3,0,0,0,0,0,0,0,0,0,0,7,4,0,1,0,0,0,0,0,0,0,0,5,0,2,0,0,0,0,0,1,0,0,0,0,0,0,0,0,0,0,0,0,0,0,0,0,0,0,0,0,0,0,0,0,0,0,0,0,0,0,0,0,0,0,0,1,0,0,0,0,0,0,0,0,0,0,0,0,0,0,0,0,0,0,0,0,0,0,0,0,0,0,0,0,0,0,0,0,0,0,0,1,0,0,0,0,0,0,0,0,0,0,0,0,0,0,0,0,0,0,0,0,0,0,0,0,0,0,0,0,0,0,0,0,0,0,0,1,0,0,0,0,0,0,0,0,0,0,0,0,0,0,0,0,0,0,0,0,0,0,0,0,0,0,0,0,0,1,0,0,0,0,0,0,0,0,0
2011020532,2011-12-27,11.316666666666666,5.216666666666667,3.4,0,0,0,5,3,1,0,0,0,11,1,1,0,0,0,2,0,0,1,0,0,8,0,0,0,0,0,1,0,0,0,0,0,2,1,0,0,0,0,2,2,0,0,0,0,2,2,0,3,0,0,1,0,0,0,0,0,0,0,0,15,6,1,3,0,0,3,0,0,0,0,0,6,0,2,0,0,0,2,0,0,0,0,0,2,0,0,0,0,0,0,0,0,0,0,0,11,3,1,1,0,0,3,0,0,0,0,0,4,0,2,0,0,0,2,0,0,0,0,0,1,0,0,0,0,0,0,0,0,0,0,0,6,1,0,1,0,0,2,0,0,0,0,0,3,0,0,0,0,0,2,0,0,0,0,0,0,0,0,0,0,0,0,0,0,0,0,0,0,0,0,0,0,0,0,0,0,0,0,0,1,0,0,0,0,0,1,0,0,0,0,0,0,0,0,0,0,0,0,0,0,0,0,0,0,0,0,0,0,0,0,0,0,0,0,0,1,0,0,0,0,0,1,0,0,0,0,0,0,0,0,0,0,0,0,0,0,0,0,0,0,0,0,0,0,0,0,0,0,0,0,0,0,0,0,0,0,0,1,0,0,0,0,0,1,0,0,0,0,0,0,0,0,0,0,0,3,0,0,0,0,0,0,0,0,0,0,0,2,0,0,0,0,0,0,0,0,0,0,0
2011020543,2011-12-29,13.066666666666666,4.95,3.9833333333333334,0,0,0,3,2,3,0,0,0,7,4,2,0,1,1,3,1,4,1,0,0,5,0,0,0,0,0,1,0,0,0,0,0,0,0,0,0,0,0,6,0,0,0,0,0,4,0,0,1,1,0,0,0,0,0,0,0,0,0,0,17,6,0,0,1,0,3,0,0,0,0,0,8,2,7,0,0,1,0,0,1,0,0,0,0,1,0,0,0,0,0,0,0,0,0,0,12,6,0,0,1,0,3,0,0,0,0,0,5,1,5,0,0,1,0,0,1,0,0,0,0,1,0,0,0,0,0,0,0,0,0,0,8,5,0,0,1,0,2,0,0,0,0,0,4,0,4,0,0,1,0,0,1,0,0,0,0,1,0,0,0,0,0,0,0,0,0,0,1,1,0,0,0,0,1,0,0,0,0,0,0,0,0,0,0,0,0,0,0,0,0,0,0,0,0,0,0,0,0,0,0,0,0,0,1,1,0,0,0,0,1,0,0,0,0,0,0,0,0,0,0,0,0,0,0,0,0,0,1,0,0,0,0,0,0,0,0,0,0,0,1,1,0,0,0,0,1,0,0,0,0,0,0,0,0,0,0,0,0,0,0,0,0,0,0,0,0,0,0,0,0,0,0,0,0,0,3,0,0,0,0,0,0,0,0,0,0,0,0,0,1,0,0,0,0,0,0,0,0,0
2011020569,2012-01-02,19.416666666666668,1.6,0.8166666666666667,0,0,0,13,1,1,0,0,0,10,1,1,1,0,0,13,1,1,1,0,1,11,1,2,0,0,0,3,0,0,0,0,0,3,0,0,0,0,2,2,0,4,2,0,0,2,0,0,3,1,0,0,0,0,0,0,0,0,0,0,22,4,0,1,0,0,2,0,0,0,0,0,13,1,1,1,1,0,0,0,0,0,0,0,2,0,0,0,0,0,0,0,0,0,0,0,18,2,0,1,0,0,2,0,0,0,0,0,11,0,1,1,1,0,0,0,0,0,0,0,1,0,0,0,0,0,0,0,0,0,0,0,14,1,0,0,0,0,2,0,0,0,0,0,9,0,1,1,1,0,0,0,0,0,0,0,0,0,0,0,0,0,0,0,0,0,0,0,1,0,0,0,0,0,0,0,0,0,0,0,0,0,0,0,0,0,0,0,0,0,0,0,0,0,0,0,0,0,0,0,0,0,0,0,1,0,0,0,0,0,0,0,0,0,0,0,0,0,0,0,0,0,0,0,0,0,0,0,0,0,0,0,0,0,0,0,0,0,0,0,1,0,0,0,0,0,0,0,0,0,0,0,0,0,0,0,0,0,0,0,0,0,0,0,0,0,0,0,0,0,0,0,0,0,0,0,2,0,0,0,0,0,0,0,0,0,0,0,0,0,0,0,0,0,0,0,0,0,0,0
2011020587,2012-01-05,5.533333333333333,0,0,0,0,0,6,0,0,0,0,0,5,0,0,1,0,0,2,0,0,0,0,0,1,0,0,0,0,0,1,0,0,0,0,0,0,0,0,0,0,0,5,0,0,0,0,0,0,5,0,0,0,0,0,0,0,0,0,0,0,0,0,6,0,0,1,0,0,1,0,0,0,0,0,1,0,0,1,0,0,1,0,0,0,0,0,0,0,0,0,0,0,0,0,0,0,0,0,5,0,0,1,0,0,1,0,0,0,0,0,1,0,0,1,0,0,1,0,0,0,0,0,0,0,0,0,0,0,0,0,0,0,0,0,4,0,0,1,0,0,1,0,0,0,0,0,1,0,0,1,0,0,0,0,0,0,0,0,0,0,0,0,0,0,0,0,0,0,0,0,0,0,0,0,0,0,0,0,0,0,0,0,0,0,0,1,0,0,0,0,0,0,0,0,0,0,0,0,0,0,0,0,0,0,0,0,0,0,0,0,0,0,0,0,0,0,0,0,0,0,0,1,0,0,0,0,0,0,0,0,0,0,0,0,0,0,0,0,0,0,0,0,0,0,0,0,0,0,0,0,0,0,0,0,0,0,0,1,0,0,0,0,0,0,0,0,0,0,0,0,0,0,0,0,0,0,0,0,1,0,0,0,0,0,0,0,0,0,0,0,1,0,0,0,0,0,0,0,0,0,0,0
2011020599,2012-01-07,15.683333333333334,8.016666666666667,2.05,0,0,0,7,7,2,0,0,0,11,4,1,1,0,0,8,1,0,2,0,0,4,1,0,0,0,0,2,0,0,1,0,0,2,1,0,0,0,0,4,0,0,2,0,0,2,0,0,1,2,0,0,0,0,0,0,0,0,0,0,10,13,0,0,0,0,1,0,0,0,0,0,13,3,8,0,0,0,1,0,2,0,0,0,1,1,0,0,0,0,0,0,0,0,0,0,7,12,0,0,0,0,0,0,0,0,0,0,10,3,4,0,0,0,1,0,2,0,0,0,0,0,0,0,0,0,0,0,0,0,0,0,5,8,0,0,0,0,0,0,0,0,0,0,9,3,2,0,0,0,0,0,2,0,0,0,0,0,0,0,0,0,0,0,0,0,0,0,0,1,0,0,0,0,0,0,0,0,0,0,0,0,0,0,0,0,0,0,1,0,0,0,0,1,0,0,0,0,0,0,0,0,0,0,0,1,0,0,0,0,0,0,0,0,0,0,0,0,0,0,0,0,0,0,1,0,0,0,0,0,0,0,0,0,0,0,0,0,0,0,0,1,0,0,0,0,0,0,0,0,0,0,0,0,0,0,0,0,0,0,1,0,0,0,0,0,0,0,0,0,0,0,0,0,0,0,1,0,0,0,0,0,0,0,0,0,0,0,1,0,2,0,0,0,0,0,0,0,0,0
2011020611,2012-01-08,15.783333333333333,3.15,2.5166666666666666,0,0,0,6,2,1,0,0,0,17,1,2,1,0,0,7,0,1,2,0,0,8,1,0,0,0,0,3,0,1,0,0,0,2,0,0,0,0,0,2,0,0,0,0,0,0,0,0,2,0,0,1,1,0,1,0,0,0,0,0,20,4,2,1,1,0,1,1,0,0,0,0,19,0,3,1,0,0,2,0,0,0,0,0,2,0,0,1,0,0,0,0,0,0,0,0,12,4,2,1,0,0,0,1,0,0,0,0,17,0,2,1,0,0,2,0,0,0,0,0,2,0,0,0,0,0,0,0,0,0,0,0,8,1,2,0,0,0,0,1,0,0,0,0,15,0,2,0,0,0,1,0,0,0,0,0,0,0,0,0,0,0,0,0,0,0,0,0,0,0,0,0,0,0,0,0,0,0,0,0,1,0,0,0,0,0,0,0,0,0,0,0,0,0,0,0,0,0,0,0,0,0,0,0,0,0,0,0,0,0,0,0,0,0,0,0,1,0,0,0,0,0,0,0,0,0,0,0,0,0,0,0,0,0,0,0,0,0,0,0,0,0,0,0,0,0,0,0,0,0,0,0,0,0,0,0,0,0,0,0,0,0,0,0,0,0,0,0,0,0,0,0,0,0,0,0,1,1,0,0,0,0,0,0,0,0,0,0,2,0,0,0,0,0,0,0,0,0,0,0
2011020621,2012-01-10,16.166666666666668,3.6166666666666667,3.816666666666667,0,0,0,13,2,1,0,0,0,13,2,3,2,0,0,4,0,0,0,0,0,1,0,0,0,0,0,1,0,1,0,0,0,0,0,0,2,0,0,6,0,0,2,0,0,2,0,0,4,0,0,0,0,0,1,0,0,0,0,0,21,3,1,0,0,0,3,1,0,0,0,0,17,0,6,1,0,0,1,0,0,0,0,0,3,0,0,0,0,0,1,0,0,0,0,0,17,3,1,0,0,0,3,1,0,0,0,0,11,0,6,1,0,0,1,0,0,0,0,0,1,0,0,0,0,0,1,0,0,0,0,0,11,2,1,0,0,0,2,1,0,0,0,0,9,0,3,1,0,0,1,0,0,0,0,0,0,0,0,0,0,0,0,0,0,0,0,0,0,0,0,0,0,0,1,0,0,0,0,0,0,0,0,0,0,0,0,0,0,0,0,0,0,0,0,0,0,0,0,0,0,0,0,0,0,0,0,0,0,0,1,0,0,0,0,0,0,0,0,0,0,0,0,0,0,0,0,0,0,0,0,0,0,0,0,0,0,0,0,0,0,0,0,0,0,0,0,0,0,0,0,0,0,0,0,0,0,0,0,0,0,0,0,0,0,0,0,0,0,0,0,0,0,0,0,0,3,1,0,0,0,0,0,0,0,0,0,0,1,0,0,0,0,0,0,0,0,0,0,0
2011020632,2012-01-12,13.15,2.533333333333333,4.1,0,0,0,11,3,2,0,0,0,12,1,1,2,0,0,4,0,0,1,0,0,6,1,0,0,0,0,1,0,1,0,0,0,1,0,0,0,0,0,2,0,0,0,0,0,2,2,0,3,0,0,0,0,0,0,0,0,0,0,0,11,3,0,0,0,0,1,0,0,0,0,0,12,0,6,1,0,0,1,0,1,0,0,0,2,0,0,0,0,0,0,0,0,0,0,0,8,3,0,0,0,0,1,0,0,0,0,0,7,0,3,1,0,0,1,0,1,0,0,0,1,0,0,0,0,0,0,0,0,0,0,0,5,2,0,0,0,0,1,0,0,0,0,0,6,0,1,1,0,0,1,0,0,0,0,0,0,0,0,0,0,0,0,0,0,0,0,0,0,1,0,0,0,0,1,0,0,0,0,0,0,0,0,0,0,0,1,0,0,0,0,0,0,0,0,0,0,0,1,0,0,0,0,0,0,1,0,0,0,0,1,0,0,0,0,0,0,0,0,0,0,0,1,0,0,0,0,0,0,0,0,0,0,0,0,0,0,0,0,0,0,1,0,0,0,0,0,0,0,0,0,0,0,0,0,0,0,0,1,0,0,0,0,0,1,0,0,0,0,0,0,0,0,0,0,0,1,0,0,0,0,0,0,0,0,0,0,0,1,0,1,0,0,0,0,0,0,0,0,0
2011020656,2012-01-14,14.866666666666667,4,3.5166666666666666,0,0,0,12,1,3,0,0,0,10,1,1,1,0,0,3,0,1,1,0,0,4,1,0,0,0,0,1,0,0,1,0,0,1,0,0,0,0,0,4,0,0,0,0,0,2,0,0,2,2,0,1,0,0,0,0,0,0,0,0,17,9,1,1,0,1,2,0,1,0,0,0,10,0,4,1,0,0,1,0,0,0,0,0,1,2,0,1,0,0,0,0,0,0,0,0,12,8,1,1,0,1,2,0,1,0,0,0,9,0,3,0,0,0,1,0,0,0,0,0,0,1,0,1,0,0,0,0,0,0,0,0,9,5,1,1,0,1,2,0,1,0,0,0,8,0,2,0,0,0,0,0,0,0,0,0,0,0,0,0,0,0,0,0,0,0,0,0,0,0,0,0,0,0,1,0,0,0,0,0,1,0,1,0,0,0,0,0,0,0,0,0,0,0,0,0,0,0,0,0,0,0,0,0,0,0,0,0,0,0,1,0,0,0,0,0,1,0,1,0,0,0,0,0,0,0,0,0,0,0,0,0,0,0,0,0,0,0,0,0,0,0,0,0,0,0,1,0,0,0,0,0,0,0,1,0,0,0,0,0,0,0,0,0,0,0,0,0,0,0,0,0,0,0,0,0,1,0,1,0,0,0,1,0,0,0,0,0,1,0,0,0,0,0,0,0,0,0,0,0
2011020673,2012-01-17,12.933333333333334,5.2,1.2,0,0,0,5,2,0,0,0,0,9,1,1,0,0,0,3,0,1,2,0,0,9,0,0,0,0,0,0,0,0,0,0,0,0,0,0,0,0,0,2,0,0,0,0,0,2,0,0,0,1,1,0,0,0,0,0,0,0,0,0,9,10,1,0,0,0,0,1,0,0,0,0,8,1,0,1,0,0,0,0,0,0,0,0,0,1,1,0,0,0,0,0,0,0,0,0,7,9,1,0,0,0,0,1,0,0,0,0,7,1,0,1,0,0,0,0,0,0,0,0,0,1,1,0,0,0,0,0,0,0,0,0,5,5,1,0,0,0,0,1,0,0,0,0,4,1,0,1,0,0,0,0,0,0,0,0,0,1,0,0,0,0,0,0,0,0,0,0,1,1,0,0,0,0,0,0,0,0,0,0,0,0,0,0,0,0,0,0,0,0,0,0,0,0,0,0,0,0,0,0,0,0,0,0,1,1,0,0,0,0,0,0,0,0,0,0,0,0,0,0,0,0,0,0,0,0,0,0,0,0,0,0,0,0,0,0,0,0,0,0,1,1,0,0,0,0,0,0,0,0,0,0,0,0,0,0,0,0,0,0,0,0,0,0,0,0,0,0,0,0,0,0,0,0,0,0,0,1,0,0,0,0,0,0,0,0,0,0,0,0,0,0,0,0,0,0,0,0,0,0
2011020688,2012-01-19,13.616666666666667,3.1166666666666667,2.2333333333333334,0,0,0,9,2,1,0,0,0,7,0,1,0,1,0,8,1,0,0,0,0,3,0,1,0,0,0,2,0,0,0,0,0,3,0,0,0,0,0,2,0,0,2,0,0,2,0,0,1,0,0,0,0,0,0,0,0,0,0,0,11,8,1,1,0,0,3,0,0,0,0,0,8,1,1,1,1,0,1,0,0,0,0,0,1,0,0,0,0,0,0,0,0,0,0,0,9,4,1,1,0,0,3,0,0,0,0,0,8,1,1,1,1,0,1,0,0,0,0,0,1,0,0,0,0,0,0,0,0,0,0,0,7,3,1,1,0,0,2,0,0,0,0,0,5,1,1,0,1,0,1,0,0,0,0,0,0,0,0,0,0,0,0,0,0,0,0,0,0,0,0,0,0,0,0,0,0,0,0,0,1,0,0,0,1,0,0,0,0,0,0,0,0,0,0,0,0,0,0,0,0,0,0,0,0,0,0,0,0,0,0,0,0,0,0,0,1,0,0,0,1,0,0,0,0,0,0,0,0,0,0,0,0,0,0,0,0,0,0,0,0,0,0,0,0,0,0,0,0,0,0,0,1,0,0,0,0,0,0,0,0,0,0,0,0,0,0,0,0,0,0,0,0,0,0,0,2,0,0,1,0,0,0,0,0,0,0,0,1,0,0,0,0,0,0,0,0,0,0,0
2011020700,2012-01-21,12.6,2.1333333333333333,5.8,0,0,0,7,2,2,0,0,0,7,1,5,0,0,0,6,0,0,3,0,0,6,1,0,0,0,0,0,0,1,0,0,0,0,1,0,0,0,0,0,2,2,2,0,0,6,4,0,3,0,0,0,0,0,0,0,0,0,0,0,8,3,1,0,0,0,0,0,0,0,0,0,9,1,10,0,0,0,0,0,0,0,0,0,3,0,0,0,0,0,0,0,0,0,0,0,7,3,1,0,0,0,0,0,0,0,0,0,8,1,9,0,0,0,0,0,0,0,0,0,3,0,0,0,0,0,0,0,0,0,0,0,6,3,1,0,0,0,0,0,0,0,0,0,6,1,7,0,0,0,0,0,0,0,0,0,0,0,0,0,0,0,0,0,0,0,0,0,1,2,0,0,0,0,0,0,0,0,0,0,0,0,0,0,0,0,0,0,0,0,0,0,0,1,0,0,0,0,0,0,0,0,0,0,0,2,0,0,0,0,0,0,0,0,0,0,0,0,0,0,0,0,0,0,0,0,0,0,0,0,0,0,0,0,0,0,0,0,0,0,0,2,0,0,0,0,0,0,0,0,0,0,0,0,0,0,0,0,0,0,0,0,0,0,0,0,0,0,0,0,0,0,0,0,0,0,0,0,0,0,0,0,0,0,0,0,0,0,0,0,0,0,0,0,0,0,0,0,0,0
2011020713,2012-01-22,9.633333333333333,8.3,4.833333333333333,0,0,0,8,6,3,0,0,0,9,3,2,0,0,0,6,3,0,0,0,0,4,2,0,0,0,0,1,0,1,0,0,0,0,0,1,0,0,0,5,0,0,2,0,0,0,5,0,1,3,0,0,0,0,0,0,0,0,0,0,10,21,1,2,0,0,1,2,0,0,0,0,9,0,6,0,2,0,0,0,0,0,0,0,0,2,0,0,0,0,0,0,0,0,0,0,5,15,1,2,0,0,1,2,0,0,0,0,8,0,4,0,1,0,0,0,0,0,0,0,0,1,0,0,0,0,0,0,0,0,0,0,4,12,0,2,0,0,1,2,0,0,0,0,6,0,2,0,1,0,0,0,0,0,0,0,0,0,0,0,0,0,0,0,0,0,0,0,1,2,0,1,0,0,0,0,0,0,0,0,2,0,1,0,0,0,0,0,0,0,0,0,1,0,0,0,0,0,0,0,0,0,0,0,1,2,0,1,0,0,0,0,0,0,0,0,2,0,1,0,0,0,0,0,0,0,0,0,0,1,0,0,0,0,0,0,0,0,0,0,1,2,0,0,0,0,0,0,0,0,0,0,2,0,1,0,0,0,0,0,0,0,0,0,0,1,0,0,0,0,0,0,0,0,0,0,1,2,0,0,0,0,0,0,0,0,0,0,0,0,0,0,0,0,0,0,0,0,0,0
2011020727,2012-01-24,14.616666666666667,2.8833333333333333,1.3833333333333333,0,0,0,5,1,2,0,0,0,7,2,0,0,0,0,7,1,0,0,0,0,7,2,0,0,0,0,1,0,0,0,0,0,2,0,0,0,0,0,0,0,0,0,0,0,0,0,0,0,2,1,0,0,0,0,0,0,0,0,0,10,5,1,0,0,0,1,0,0,0,0,0,6,1,1,0,0,0,0,0,2,0,0,0,0,2,1,0,0,0,0,0,0,0,0,0,8,4,1,0,0,0,1,0,0,0,0,0,4,1,1,0,0,0,0,0,2,0,0,0,0,1,1,0,0,0,0,0,0,0,0,0,6,3,1,0,0,0,1,0,0,0,0,0,4,1,1,0,0,0,0,0,2,0,0,0,0,0,0,0,0,0,0,0,0,0,0,0,1,0,0,0,0,0,0,0,0,0,0,0,0,0,0,0,0,0,0,0,1,0,0,0,0,0,0,0,0,0,0,0,0,0,0,0,1,0,0,0,0,0,0,0,0,0,0,0,0,0,0,0,0,0,0,0,1,0,0,0,1,0,0,0,0,0,0,0,0,0,0,0,1,0,0,0,0,0,0,0,0,0,0,0,0,0,0,0,0,0,0,0,1,0,0,0,0,0,0,0,0,0,0,0,0,0,0,0,1,0,0,0,0,0,0,0,0,0,0,0,0,0,1,0,0,0,0,0,1,0,0,0
2011020738,2012-01-31,16.666666666666668,1,3.566666666666667,0,0,0,11,1,4,0,0,0,7,0,1,0,0,0,4,0,2,0,0,0,6,0,0,0,0,0,1,0,0,0,0,0,2,0,0,0,0,0,0,0,0,0,0,0,2,0,0,2,0,0,0,0,0,0,0,0,0,0,0,13,3,0,0,0,0,0,0,0,0,0,0,10,0,2,2,0,0,0,0,0,0,0,0,0,0,0,0,0,0,0,0,0,0,0,0,8,2,0,0,0,0,0,0,0,0,0,0,5,0,0,2,0,0,0,0,0,0,0,0,0,0,0,0,0,0,0,0,0,0,0,0,6,2,0,0,0,0,0,0,0,0,0,0,3,0,0,1,0,0,0,0,0,0,0,0,0,0,0,0,0,0,0,0,0,0,0,0,0,0,0,0,0,0,0,0,0,0,0,0,0,0,0,0,0,0,0,0,0,0,0,0,0,0,0,0,0,0,0,0,0,0,0,0,0,0,0,0,0,0,0,0,0,0,0,0,0,0,0,0,0,0,0,0,0,0,0,0,0,0,0,0,0,0,0,0,0,0,0,0,0,0,0,0,0,0,0,0,0,0,0,0,0,0,0,0,0,0,0,0,0,0,0,0,0,0,0,0,0,0,0,0,0,0,0,0,0,0,0,0,0,0,0,0,0,0,0,0,0,0,0,0,0,0,0,0,0,0,0,0
2011020756,2012-02-02,13.733333333333333,2.95,4.416666666666667,0,0,0,7,3,1,0,0,0,7,1,2,1,0,0,9,0,2,1,0,0,3,0,1,0,0,0,0,0,0,0,0,0,0,0,1,0,0,0,0,6,0,0,0,0,2,6,0,1,2,0,0,0,0,0,0,0,0,0,0,10,8,0,0,0,0,0,1,0,0,0,0,12,1,6,0,0,0,0,0,1,0,0,0,1,2,0,0,0,0,0,0,0,0,0,0,9,7,0,0,0,0,0,1,0,0,0,0,8,1,4,0,0,0,0,0,1,0,0,0,0,1,0,0,0,0,0,0,0,0,0,0,5,3,0,0,0,0,0,1,0,0,0,0,7,0,2,0,0,0,0,0,1,0,0,0,0,0,0,0,0,0,0,0,0,0,0,0,2,1,0,0,0,0,0,0,0,0,0,0,1,0,0,0,0,0,0,0,0,0,0,0,0,0,0,0,0,0,0,0,0,0,0,0,2,1,0,0,0,0,0,0,0,0,0,0,1,0,0,0,0,0,0,0,0,0,0,0,1,0,0,0,0,0,0,0,0,0,0,0,2,1,0,0,0,0,0,0,0,0,0,0,1,0,0,0,0,0,0,0,0,0,0,0,0,0,0,0,0,0,0,0,0,0,0,0,0,1,0,0,0,0,0,0,0,0,0,0,0,0,1,0,0,0,0,0,0,0,0,0
2011020768,2012-02-04,10.066666666666666,5.666666666666667,4.5,0,0,0,8,6,4,0,0,0,5,2,4,1,0,3,10,1,3,0,0,0,4,2,0,0,0,0,0,1,0,0,0,0,1,1,1,0,0,0,4,0,0,0,0,2,2,0,4,6,4,0,0,0,0,0,0,0,0,0,0,15,16,0,0,1,0,0,1,0,0,0,0,5,2,7,0,1,0,0,0,1,0,0,0,4,2,0,0,0,0,0,0,0,0,0,0,8,12,0,0,0,0,0,1,0,0,0,0,5,1,7,0,1,0,0,0,1,0,0,0,3,0,0,0,0,0,0,0,0,0,0,0,5,6,0,0,0,0,0,0,0,0,0,0,1,1,7,0,1,0,0,0,1,0,0,0,0,0,0,0,0,0,0,0,0,0,0,0,0,1,0,0,0,0,0,0,0,0,0,0,0,0,1,0,1,0,0,0,1,0,0,0,0,0,0,0,0,0,0,0,0,0,0,0,0,1,0,0,0,0,0,0,0,0,0,0,0,0,1,0,1,0,0,0,1,0,0,0,0,0,0,0,0,0,0,0,0,0,0,0,0,1,0,0,0,0,0,0,0,0,0,0,0,0,1,0,0,0,0,0,1,0,0,0,0,1,0,0,0,0,0,0,0,0,0,0,0,1,0,0,0,0,0,0,0,0,0,0,0,0,1,0,0,0,0,0,0,0,0,0
2011020781,2012-02-05,12.633333333333333,6.45,5.65,0,0,0,6,4,5,0,0,0,9,2,3,2,0,1,7,0,1,0,0,2,4,2,2,0,0,1,0,1,1,0,0,0,1,1,0,0,0,0,8,0,0,0,0,0,2,2,0,1,5,0,0,0,0,0,0,0,0,0,0,21,15,0,1,0,0,0,2,0,1,0,0,8,0,12,1,1,1,0,0,1,0,0,0,1,2,0,0,0,0,0,0,0,0,0,0,11,8,0,1,0,0,0,2,0,1,0,0,7,0,10,1,1,1,0,0,1,0,0,0,1,0,0,0,0,0,0,0,0,0,0,0,10,4,0,1,0,0,0,2,0,1,0,0,6,0,7,0,1,1,0,0,1,0,0,0,0,0,0,0,0,0,0,0,0,0,0,0,0,0,0,0,0,0,0,1,0,0,0,0,0,0,0,0,0,0,0,0,0,0,0,0,0,0,0,0,0,0,0,0,0,0,0,0,0,0,0,0,0,0,0,1,0,0,0,0,0,0,0,0,0,0,0,0,0,0,0,0,0,0,0,0,0,0,0,0,0,0,0,0,0,0,0,0,0,0,0,1,0,0,0,0,0,0,0,0,0,0,0,0,0,0,0,0,0,1,0,0,0,0,0,0,0,0,0,0,0,2,0,1,0,0,0,0,0,0,0,0,0,0,1,0,0,0,0,0,0,0,0,0
2011020787,2012-02-07,16.166666666666668,2.2333333333333334,2.816666666666667,0,0,0,11,2,0,0,0,0,3,0,2,0,0,0,10,0,2,1,0,0,6,0,0,0,0,0,2,0,1,0,0,0,3,0,2,0,0,0,0,0,0,2,0,0,2,0,0,4,0,0,0,0,0,0,0,0,0,0,0,11,3,2,2,0,0,0,0,0,0,0,0,12,0,2,1,0,0,1,0,0,0,0,0,3,0,0,0,0,0,0,0,0,0,0,0,10,2,2,1,0,0,0,0,0,0,0,0,9,0,1,1,0,0,1,0,0,0,0,0,2,0,0,0,0,0,0,0,0,0,0,0,6,1,1,0,0,0,0,0,0,0,0,0,6,0,0,1,0,0,1,0,0,0,0,0,0,0,0,0,0,0,0,0,0,0,0,0,0,0,0,0,0,0,0,0,0,0,0,0,0,0,0,0,0,0,0,0,0,0,0,0,0,0,0,0,0,0,0,0,0,0,0,0,0,0,0,0,0,0,0,0,0,0,0,0,0,0,0,0,0,0,0,0,0,0,0,0,0,0,0,0,0,0,0,0,0,0,0,0,0,0,0,0,0,0,0,0,0,0,0,0,0,0,0,0,0,0,0,0,0,0,0,0,0,0,0,0,0,0,0,0,0,0,0,0,0,0,0,0,0,0,0,0,0,0,0,0,1,0,0,0,0,0,0,0,0,0,0,0
2011020804,2012-02-09,11.716666666666667,4.016666666666667,4.9,0,0,0,7,4,3,0,0,0,4,2,2,1,0,0,6,0,1,0,0,0,4,1,1,0,0,0,0,1,0,0,0,0,2,1,0,0,0,0,4,0,2,0,0,0,0,0,0,3,6,0,0,0,0,0,0,0,0,0,0,10,13,3,1,0,0,0,1,0,0,0,0,11,0,4,1,0,0,3,0,1,0,0,0,2,5,0,0,0,0,0,0,0,0,0,0,6,10,3,1,0,0,0,1,0,0,0,0,6,0,2,1,0,0,3,0,1,0,0,0,2,4,0,0,0,0,0,0,0,0,0,0,5,8,3,1,0,0,0,1,0,0,0,0,4,0,2,1,0,0,3,0,1,0,0,0,0,0,0,0,0,0,0,0,0,0,0,0,0,0,0,0,0,0,0,0,0,0,0,0,1,0,0,0,0,0,1,0,1,0,0,0,0,0,0,0,0,0,0,0,0,0,0,0,0,0,0,0,0,0,0,0,0,0,0,0,1,0,0,0,0,0,1,0,1,0,0,0,0,0,0,0,0,0,0,0,0,0,0,0,0,0,0,0,0,0,0,0,0,0,0,0,1,0,0,0,0,0,1,0,1,0,0,0,0,1,0,0,0,0,0,0,0,0,0,0,0,1,0,0,0,0,0,0,0,0,0,0,2,0,1,0,0,0,1,0,0,0,0,0
2011020819,2012-02-11,12.683333333333334,3.8666666666666667,7.2,0,0,0,3,2,5,0,0,0,6,1,3,1,0,0,6,1,1,0,0,1,10,2,1,0,0,0,1,1,0,0,0,0,1,0,1,0,0,0,2,0,0,0,0,0,10,0,0,3,3,1,0,0,0,0,0,0,0,0,0,11,9,3,2,0,0,1,0,0,0,0,0,5,1,11,1,0,0,0,0,1,0,0,0,3,2,1,0,0,0,0,0,0,0,0,0,7,6,3,2,0,0,1,0,0,0,0,0,4,1,10,1,0,0,0,0,1,0,0,0,1,2,1,0,0,0,0,0,0,0,0,0,2,5,2,1,0,0,1,0,0,0,0,0,2,1,6,1,0,0,0,0,1,0,0,0,0,0,0,0,0,0,0,0,0,0,0,0,0,0,0,0,0,0,0,0,0,0,0,0,0,0,3,0,0,0,0,0,0,0,0,0,0,0,0,0,0,0,0,0,0,0,0,0,0,0,0,0,0,0,0,0,0,0,0,0,0,0,3,0,0,0,0,0,0,0,0,0,0,0,0,0,0,0,0,0,0,0,0,0,0,0,0,0,0,0,0,0,0,0,0,0,0,0,3,0,0,0,0,0,0,0,0,0,1,0,0,0,0,0,0,0,0,0,0,0,1,0,0,0,0,0,0,0,0,0,0,0,0,0,1,0,0,0,0,0,0,0,0,0
2011020829,2012-02-12,15.933333333333334,2.316666666666667,4,0,0,0,7,1,4,0,0,0,10,2,1,1,0,1,7,0,1,0,0,0,3,1,0,0,0,0,2,0,0,0,0,0,0,0,0,0,0,0,2,0,0,2,0,0,6,0,0,2,1,0,1,0,0,0,0,0,0,0,0,13,4,1,2,0,0,2,0,0,0,0,0,16,0,4,2,0,0,0,0,0,0,0,0,1,1,0,1,0,0,0,0,0,0,0,0,10,4,1,2,0,0,2,0,0,0,0,0,13,0,4,2,0,0,0,0,0,0,0,0,1,1,0,1,0,0,0,0,0,0,0,0,7,3,1,2,0,0,1,0,0,0,0,0,8,0,3,1,0,0,0,0,0,0,0,0,0,0,0,0,0,0,0,0,0,0,0,0,0,0,0,1,0,0,1,0,0,0,0,0,1,0,1,0,0,0,0,0,0,0,0,0,0,0,0,0,0,0,0,0,0,0,0,0,0,0,0,1,0,0,1,0,0,0,0,0,1,0,1,0,0,0,0,0,0,0,0,0,0,0,0,0,0,0,0,0,0,0,0,0,0,0,0,0,0,0,0,0,0,0,0,0,1,0,1,0,0,0,0,0,0,0,0,0,1,0,0,0,0,0,0,0,0,0,0,0,2,0,0,0,0,0,0,0,0,0,0,0,0,0,0,0,0,0,0,0,0,0,0,0
2011020852,2012-02-16,11.216666666666667,1.3166666666666667,4.633333333333334,0,0,0,10,2,3,0,0,0,7,2,1,2,0,1,5,0,1,1,0,0,5,0,1,0,0,0,1,0,0,0,0,0,3,0,0,0,0,0,7,0,0,0,0,0,7,0,0,1,0,1,1,0,0,0,0,0,0,0,0,11,5,1,1,0,0,1,1,0,0,0,0,5,0,6,0,0,0,0,0,0,0,0,0,1,0,1,1,0,0,0,0,0,0,0,0,8,5,1,1,0,0,1,1,0,0,0,0,4,0,2,0,0,0,0,0,0,0,0,0,1,0,1,1,0,0,0,0,0,0,0,0,8,5,1,1,0,0,1,1,0,0,0,0,2,0,1,0,0,0,0,0,0,0,0,0,0,0,0,0,0,0,0,0,0,0,0,0,1,1,0,0,0,0,1,1,0,0,0,0,1,0,0,0,0,0,0,0,0,0,0,0,0,0,0,0,0,0,0,0,0,0,0,0,1,1,0,0,0,0,1,1,0,0,0,0,1,0,0,0,0,0,0,0,0,0,0,0,0,0,0,0,0,0,0,0,0,0,0,0,1,1,0,0,0,0,1,1,0,0,0,0,1,0,0,0,0,0,0,0,0,0,0,0,0,0,0,0,0,0,0,0,0,0,0,0,1,1,0,0,0,0,0,0,0,0,0,0,0,0,0,0,0,0,0,0,0,0,0,0
2011020865,2012-02-18,7.916666666666667,5.85,2.6,0,0,0,5,7,0,0,0,0,5,3,3,2,0,0,6,1,0,4,0,0,8,1,1,0,0,0,2,0,0,2,0,0,3,2,0,0,0,0,4,2,0,0,2,0,2,4,0,0,0,0,2,0,0,0,0,0,0,0,0,3,6,0,2,0,0,0,0,0,0,0,0,3,2,4,1,0,0,0,0,0,1,0,0,0,0,0,2,0,0,0,0,0,0,0,0,2,5,0,2,0,0,0,0,0,0,0,0,3,2,1,0,0,0,0,0,0,1,0,0,0,0,0,2,0,0,0,0,0,0,0,0,1,2,0,2,0,0,0,0,0,0,0,0,3,2,1,0,0,0,0,0,0,1,0,0,0,0,0,0,0,0,0,0,0,0,0,0,0,1,0,0,0,0,0,0,0,0,0,0,0,2,0,0,0,0,0,0,0,1,0,0,0,0,0,0,0,0,0,0,0,0,0,0,0,1,0,0,0,0,0,0,0,0,0,0,0,1,0,0,0,0,0,0,0,1,0,0,0,1,0,0,0,0,0,0,0,0,0,0,0,1,0,0,0,0,0,0,0,0,0,0,0,0,0,0,0,0,0,0,0,0,0,0,0,0,0,0,0,0,0,0,0,0,0,0,0,0,0,0,0,0,0,0,0,0,0,0,1,0,0,0,0,0,0,0,0,0,0,0
2011020892,2012-02-21,19.516666666666666,2.6333333333333333,1.7166666666666666,0,0,0,10,2,2,0,0,0,8,2,0,0,0,1,9,0,2,5,0,0,12,0,0,0,0,0,2,0,0,1,0,0,3,0,0,0,0,0,4,2,0,0,0,0,2,2,0,3,1,0,0,0,0,0,0,0,0,0,0,25,5,0,0,0,0,0,3,0,1,0,0,11,0,3,3,0,0,2,0,0,0,0,0,3,1,0,0,0,0,0,0,0,0,0,0,20,5,0,0,0,0,0,3,0,1,0,0,8,0,3,2,0,0,2,0,0,0,0,0,3,1,0,0,0,0,0,0,0,0,0,0,15,5,0,0,0,0,0,3,0,1,0,0,6,0,2,2,0,0,2,0,0,0,0,0,0,0,0,0,0,0,0,0,0,0,0,0,0,0,0,0,0,0,0,1,0,0,0,0,0,0,2,0,0,0,0,0,0,0,0,0,0,0,0,0,0,0,0,0,0,0,0,0,0,0,0,0,0,0,0,1,0,0,0,0,0,0,2,0,0,0,0,0,0,0,0,0,0,0,0,0,0,0,0,1,0,0,0,0,0,0,0,0,0,0,0,1,0,0,0,0,0,0,1,0,0,0,0,0,0,0,0,0,1,1,0,0,0,0,0,0,0,0,0,0,1,2,0,0,0,0,0,1,0,0,0,0,1,0,0,1,0,0,0,0,0,0,0,0
2011020907,2012-02-23,13,3.2333333333333334,2.45,0,0,0,6,1,1,0,0,0,12,3,0,0,0,0,1,0,0,1,0,0,4,0,0,0,0,0,3,0,0,2,0,0,3,0,1,0,0,0,2,0,0,0,0,0,0,0,0,0,3,0,0,0,0,0,0,0,0,0,0,3,5,0,0,1,0,0,1,0,0,0,0,11,1,7,2,0,0,0,0,1,0,0,0,0,2,0,0,0,0,0,0,0,0,0,0,2,4,0,0,1,0,0,1,0,0,0,0,9,1,6,2,0,0,0,0,1,0,0,0,0,2,0,0,0,0,0,0,0,0,0,0,1,4,0,0,1,0,0,1,0,0,0,0,6,1,3,2,0,0,0,0,1,0,0,0,0,0,0,0,0,0,0,0,0,0,0,0,0,0,0,0,0,0,0,0,0,0,0,0,1,0,0,0,0,0,0,0,1,0,0,0,0,0,0,0,0,0,0,0,0,0,0,0,0,0,0,0,0,0,0,0,0,0,0,0,0,0,0,0,0,0,0,0,1,0,0,0,0,0,0,0,0,0,0,0,0,0,0,0,0,0,0,0,0,0,0,0,0,0,0,0,0,0,0,0,0,0,0,0,1,0,0,0,0,1,0,0,0,0,0,0,0,0,0,0,0,1,0,0,0,0,0,0,0,0,0,0,0,1,1,0,0,0,0,0,0,0,0,0
2011020924,2012-02-25,14.733333333333333,6.933333333333334,1.7833333333333334,0,0,0,8,4,0,0,0,0,5,4,2,0,0,0,4,0,0,2,0,0,6,0,0,0,0,0,0,0,3,1,0,0,3,0,1,0,0,0,11,4,0,0,0,0,7,2,0,3,2,0,0,0,0,0,0,0,0,0,0,19,11,0,2,0,0,0,0,0,0,0,0,7,1,2,1,1,1,0,0,0,0,0,0,3,1,0,0,0,0,0,0,0,0,0,0,14,8,0,2,0,0,0,0,0,0,0,0,3,1,1,1,1,1,0,0,0,0,0,0,2,1,0,0,0,0,0,0,0,0,0,0,8,6,0,1,0,0,0,0,0,0,0,0,2,0,1,1,1,1,0,0,0,0,0,0,0,0,0,0,0,0,0,0,0,0,0,0,0,1,0,0,0,0,0,0,0,0,0,0,0,0,0,1,0,1,0,0,0,0,0,0,0,1,0,0,0,0,0,0,0,0,0,0,0,1,0,0,0,0,0,0,0,0,0,0,0,0,0,1,0,0,0,0,0,0,0,0,0,0,0,0,0,0,0,0,0,0,0,0,0,1,0,0,0,0,0,0,0,0,0,0,0,0,0,0,0,0,0,0,0,0,0,0,0,0,0,0,0,0,0,0,0,0,0,0,0,0,0,0,0,0,0,0,0,0,0,0,0,0,0,0,0,0,0,0,0,0,0,0
2011020945,2012-02-28,12.1,1.9833333333333334,0.4166666666666667,0,0,0,4,0,0,0,0,0,9,2,0,0,0,0,9,0,1,1,0,0,5,0,0,0,0,0,1,0,0,0,0,0,1,1,0,0,0,0,0,0,0,0,0,0,0,0,0,3,1,0,0,0,0,0,0,0,0,0,0,8,2,1,0,0,0,1,0,0,0,0,0,7,1,1,0,0,0,0,0,0,0,0,0,3,0,0,0,0,0,0,0,0,0,0,0,7,1,1,0,0,0,1,0,0,0,0,0,4,1,1,0,0,0,0,0,0,0,0,0,2,0,0,0,0,0,0,0,0,0,0,0,4,1,0,0,0,0,1,0,0,0,0,0,3,1,1,0,0,0,0,0,0,0,0,0,0,0,0,0,0,0,0,0,0,0,0,0,0,0,0,0,0,0,0,0,0,0,0,0,1,0,0,0,0,0,0,0,0,0,0,0,0,0,0,0,0,0,0,0,0,0,0,0,0,0,0,0,0,0,0,0,0,0,0,0,1,0,0,0,0,0,0,0,0,0,0,0,0,0,0,0,0,0,0,0,0,0,0,0,0,0,0,0,0,0,0,0,0,0,0,0,1,0,0,0,0,0,0,0,0,0,0,0,1,0,0,0,0,0,0,0,0,0,0,0,1,0,0,0,0,0,0,0,0,0,0,0,0,0,0,0,0,0,0,0,0,0,0,0
2011020952,2012-03-01,14.166666666666666,1.2666666666666666,0.5666666666666667,0,0,0,8,1,0,0,0,0,5,1,0,0,0,0,6,0,1,3,0,0,8,0,0,0,0,0,1,0,0,1,0,0,1,0,0,0,0,0,2,0,0,0,0,0,0,0,0,3,0,0,0,0,0,0,0,0,0,0,0,19,2,0,0,0,0,1,0,0,0,0,0,4,0,0,0,0,0,1,0,0,0,0,0,2,0,0,0,0,0,0,0,0,0,0,0,11,2,0,0,0,0,0,0,0,0,0,0,2,0,0,0,0,0,0,0,0,0,0,0,1,0,0,0,0,0,0,0,0,0,0,0,7,1,0,0,0,0,0,0,0,0,0,0,2,0,0,0,0,0,0,0,0,0,0,0,0,0,0,0,0,0,0,0,0,0,0,0,1,0,0,0,0,0,0,0,0,0,0,0,0,0,0,0,0,0,0,0,0,0,0,0,0,0,0,0,0,0,0,0,0,0,0,0,1,0,0,0,0,0,0,0,0,0,0,0,0,0,0,0,0,0,0,0,0,0,0,0,1,0,0,0,0,0,0,0,0,0,0,0,1,0,0,0,0,0,0,0,0,0,0,0,0,0,0,0,0,0,0,0,0,0,0,0,0,0,0,0,0,0,0,0,0,0,0,0,1,0,0,0,0,0,0,0,0,0,0,0,1,0,0,0,0,0,0,0,0,0,0,0
2011021039,2012-03-13,10.916666666666666,4.433333333333334,3.716666666666667,0,0,0,3,5,1,0,0,0,2,0,1,1,0,1,3,0,1,2,0,0,7,2,0,0,0,0,3,0,1,0,0,0,0,0,0,0,0,0,2,0,2,0,0,0,2,2,0,1,2,0,0,0,0,0,0,0,0,0,0,9,4,1,1,0,0,3,1,0,0,0,0,4,0,4,1,0,0,0,0,1,0,0,0,1,1,0,0,0,0,0,0,0,0,0,0,8,2,0,1,0,0,3,1,0,0,0,0,3,0,2,1,0,0,0,0,1,0,0,0,1,1,0,0,0,0,0,0,0,0,0,0,5,2,0,1,0,0,3,1,0,0,0,0,2,0,2,1,0,0,0,0,1,0,0,0,0,0,0,0,0,0,0,0,0,0,0,0,0,0,0,0,0,0,1,0,0,0,0,0,0,0,0,0,0,0,0,0,0,0,0,0,0,0,0,0,0,0,0,0,0,0,0,0,0,0,0,0,0,0,1,0,0,0,0,0,0,0,0,0,0,0,0,0,0,0,0,0,0,0,0,0,0,0,0,0,0,0,0,0,0,0,0,0,0,0,0,0,0,0,0,0,0,0,0,0,0,0,0,0,0,0,0,0,0,0,0,0,0,0,0,0,0,0,0,0,2,1,0,0,0,0,0,0,0,0,0,0,0,0,1,0,0,0,0,0,0,0,0,0
2011021053,2012-03-15,18.533333333333335,0,1.3666666666666667,0,0,0,6,0,0,0,0,0,13,0,0,0,0,0,2,0,0,0,0,0,9,0,0,0,0,0,3,0,1,0,0,0,2,0,0,0,0,0,0,0,0,0,0,0,0,0,0,0,0,0,0,0,0,0,0,0,0,0,0,18,0,1,0,0,0,1,0,0,0,0,0,11,0,0,1,0,0,0,0,0,0,0,0,0,0,0,0,0,0,0,0,0,0,0,0,13,0,1,0,0,0,1,0,0,0,0,0,5,0,0,0,0,0,0,0,0,0,0,0,0,0,0,0,0,0,0,0,0,0,0,0,11,0,1,0,0,0,1,0,0,0,0,0,5,0,0,0,0,0,0,0,0,0,0,0,0,0,0,0,0,0,0,0,0,0,0,0,1,0,0,0,0,0,0,0,0,0,0,0,0,0,0,0,0,0,0,0,0,0,0,0,1,0,0,0,0,0,0,0,0,0,0,0,1,0,0,0,0,0,0,0,0,0,0,0,0,0,0,0,0,0,0,0,0,0,0,0,0,0,0,0,0,0,0,0,0,0,0,0,1,0,0,0,0,0,0,0,0,0,0,0,0,0,0,0,0,0,0,0,0,0,0,0,0,0,0,0,0,0,0,0,0,0,0,0,1,0,0,0,0,0,0,0,0,0,0,0,0,0,0,0,0,0,0,0,0,0,0,0
2011021065,2012-03-17,19.633333333333333,4.766666666666667,2.05,0,0,0,1,4,1,0,0,0,13,1,1,1,0,0,6,2,0,0,0,0,5,1,0,0,0,2,1,0,4,0,0,0,3,0,0,0,0,0,5,0,0,0,0,0,0,5,0,6,1,0,0,0,0,0,0,0,0,0,0,12,6,0,1,0,1,0,0,0,0,0,0,20,1,1,0,1,0,2,1,0,0,0,0,4,1,0,0,0,0,0,0,0,0,0,0,8,5,0,0,0,1,0,0,0,0,0,0,14,1,1,0,1,0,2,1,0,0,0,0,3,1,0,0,0,0,0,0,0,0,0,0,6,3,0,0,0,1,0,0,0,0,0,0,13,0,0,0,1,0,2,1,0,0,0,0,0,0,0,0,0,0,0,0,0,0,0,0,0,0,0,0,0,0,0,0,0,0,0,0,0,0,0,0,0,0,0,0,0,0,0,0,0,0,0,0,0,0,0,0,0,0,0,0,0,0,0,0,0,0,0,0,0,0,0,0,0,0,0,0,0,0,0,0,0,0,0,0,0,0,0,0,0,0,0,0,0,0,0,0,0,0,0,0,0,0,0,0,0,0,0,0,0,0,0,0,0,0,0,0,0,0,0,0,0,0,0,0,0,0,0,0,0,0,0,0,0,0,0,0,0,0,0,0,0,0,0,0,1,0,0,0,1,0,1,0,0,0,0,0
2011021076,2012-03-18,17.966666666666665,3.55,0.6333333333333333,0,0,0,12,6,0,0,0,0,8,1,2,2,0,0,11,0,0,2,1,0,8,1,0,0,0,0,1,0,1,0,0,0,3,0,0,0,0,0,2,0,0,2,0,0,4,0,0,1,2,0,0,0,0,0,0,0,0,0,0,10,6,0,0,0,0,1,0,0,0,0,0,20,0,2,1,0,0,1,0,2,0,0,0,1,2,0,0,0,0,0,0,0,0,0,0,10,6,0,0,0,0,1,0,0,0,0,0,17,0,1,0,0,0,1,0,2,0,0,0,1,1,0,0,0,0,0,0,0,0,0,0,7,5,0,0,0,0,1,0,0,0,0,0,12,0,1,0,0,0,1,0,2,0,0,0,0,1,0,0,0,0,0,0,0,0,0,0,0,1,0,0,0,0,0,0,0,0,0,0,1,0,0,0,0,0,0,0,0,0,0,0,0,0,0,0,0,0,0,0,0,0,0,0,0,1,0,0,0,0,0,0,0,0,0,0,1,0,0,0,0,0,0,0,0,0,0,0,1,0,0,0,0,0,0,0,0,0,0,0,0,1,0,0,0,0,0,0,0,0,0,0,1,0,0,0,0,0,0,0,0,0,0,0,0,0,0,0,0,0,0,0,0,0,0,0,1,0,0,0,0,0,0,0,0,0,0,0,1,0,1,0,0,0,0,0,1,0,0,0
2011021089,2012-03-20,15.35,3.8833333333333333,0.7,0,0,0,12,3,0,0,0,0,5,0,1,1,0,0,5,0,0,2,0,0,10,1,0,0,0,0,1,0,0,1,0,0,2,0,1,0,0,0,2,2,0,0,0,0,0,0,0,3,2,0,0,0,0,0,0,0,0,0,0,17,7,0,1,0,0,3,0,0,0,0,0,7,1,0,1,0,0,0,0,0,0,0,0,2,2,0,0,0,0,0,0,0,0,0,0,10,5,0,1,0,0,2,0,0,0,0,0,6,0,0,1,0,0,0,0,0,0,0,0,0,0,0,0,0,0,0,0,0,0,0,0,8,1,0,1,0,0,2,0,0,0,0,0,1,0,0,1,0,0,0,0,0,0,0,0,0,0,0,0,0,0,0,0,0,0,0,0,0,0,0,1,0,0,0,0,0,0,0,0,0,0,0,0,0,0,0,0,0,0,0,0,0,0,0,1,0,0,0,0,0,0,0,0,0,0,0,1,0,0,0,0,0,0,0,0,0,0,0,0,0,0,0,0,0,0,0,0,0,0,0,0,0,0,0,0,0,0,0,0,0,0,0,0,0,0,0,0,0,0,0,0,0,0,0,0,0,0,0,0,0,0,0,0,1,0,0,0,0,0,0,0,0,0,0,0,3,0,0,0,0,0,0,0,0,0,0,0,0,0,0,0,0,0,0,0,0,0,0,0
2011021102,2012-03-22,18.583333333333332,1.05,1.1666666666666667,0,0,0,8,1,0,0,0,0,9,0,3,1,0,0,8,0,0,1,0,0,9,0,0,0,0,0,3,0,1,0,0,0,4,0,0,0,0,0,2,0,0,2,0,0,2,0,0,3,1,0,0,0,0,0,0,0,0,0,0,17,2,0,0,0,0,1,1,0,0,0,0,10,1,1,1,0,0,0,0,0,0,0,0,2,0,0,0,0,0,0,0,0,0,0,0,12,0,0,0,0,0,1,0,0,0,0,0,8,1,0,1,0,0,0,0,0,0,0,0,2,0,0,0,0,0,0,0,0,0,0,0,8,0,0,0,0,0,1,0,0,0,0,0,8,0,0,1,0,0,0,0,0,0,0,0,0,0,0,0,0,0,0,0,0,0,0,0,0,0,0,0,0,0,0,0,0,0,0,0,0,0,0,0,0,0,0,0,0,0,0,0,0,0,0,0,0,0,0,0,0,0,0,0,0,0,0,0,0,0,0,0,0,0,0,0,0,0,0,0,0,0,0,0,0,0,0,0,0,0,0,0,0,0,0,0,0,0,0,0,0,0,0,0,0,0,0,0,0,0,0,0,0,0,0,0,0,0,0,0,0,0,0,0,0,0,0,0,0,0,0,0,0,0,0,0,1,1,0,0,0,0,0,0,0,0,0,0,1,0,0,0,0,0,0,0,0,0,0,0
2011021121,2012-03-24,11.966666666666667,3.1666666666666665,4.366666666666666,0,0,0,6,4,2,0,0,0,5,1,2,0,0,1,6,0,1,1,0,0,7,0,1,0,0,0,1,0,1,0,0,0,3,0,1,0,0,0,4,0,0,0,0,0,2,0,0,0,3,0,0,0,0,0,0,0,0,0,0,10,5,4,1,0,0,0,0,0,0,0,0,5,0,4,2,1,0,0,0,0,0,0,0,0,2,0,0,0,0,0,0,0,0,0,0,7,3,4,1,0,0,0,0,0,0,0,0,4,0,2,1,1,0,0,0,0,0,0,0,0,2,0,0,0,0,0,0,0,0,0,0,4,3,4,1,0,0,0,0,0,0,0,0,4,0,0,1,1,0,0,0,0,0,0,0,0,1,0,0,0,0,0,0,0,0,0,0,0,1,0,0,0,0,0,0,0,0,0,0,0,0,0,0,0,0,0,0,0,0,0,0,0,0,0,0,0,0,0,0,0,0,0,0,0,1,0,0,0,0,0,0,0,0,0,0,0,0,0,0,0,0,0,0,0,0,0,0,0,0,0,0,0,0,0,0,0,0,0,0,0,0,0,0,0,0,0,0,0,0,0,0,0,0,0,0,0,0,0,0,0,0,0,0,0,0,0,0,0,0,0,0,0,0,0,0,0,0,0,0,0,0,0,0,0,0,0,0,0,0,0,0,0,0,0,0,0,0,0,0
2011021134,2012-03-26,13.733333333333333,6.816666666666666,1.5666666666666667,0,0,0,11,6,2,0,0,0,9,3,1,1,1,0,6,1,1,0,0,0,7,0,0,0,0,0,0,1,1,1,0,0,3,1,0,0,0,2,2,2,2,0,0,0,4,0,0,4,3,0,0,0,0,0,0,0,0,0,0,19,15,0,2,0,0,0,2,0,0,0,0,4,0,0,1,0,0,0,0,0,0,0,0,1,2,0,0,0,0,0,0,0,0,0,0,14,10,0,1,0,0,0,2,0,0,0,0,3,0,0,1,0,0,0,0,0,0,0,0,1,1,0,0,0,0,0,0,0,0,0,0,12,4,0,1,0,0,0,1,0,0,0,0,3,0,0,1,0,0,0,0,0,0,0,0,0,0,0,0,0,0,0,0,0,0,0,0,1,1,0,0,0,0,0,0,0,0,0,0,1,0,0,1,0,0,0,0,0,0,0,0,1,0,0,0,0,0,0,0,0,0,0,0,1,1,0,0,0,0,0,0,0,0,0,0,1,0,0,0,0,0,0,0,0,0,0,0,0,0,0,0,0,0,0,0,0,0,0,0,1,1,0,0,0,0,0,0,0,0,0,0,0,0,0,0,0,0,0,0,0,0,0,0,0,0,0,0,0,0,0,0,0,0,0,0,0,2,0,0,0,0,0,0,0,0,0,0,0,0,0,0,0,0,0,0,0,0,0,0
2011021170,2012-03-31,14.05,4.133333333333334,1.9833333333333334,0,0,0,6,3,0,0,0,0,4,1,1,1,0,0,11,1,0,1,0,0,7,0,0,0,0,0,0,0,1,1,1,0,3,1,0,0,0,0,2,0,0,2,0,0,4,0,0,1,1,0,0,0,0,0,0,0,0,0,0,10,8,0,0,0,0,2,1,0,0,0,0,13,2,3,0,0,0,0,0,0,0,0,0,0,0,0,0,0,0,0,0,0,0,0,0,7,6,0,0,0,0,2,1,0,0,0,0,10,1,2,0,0,0,0,0,0,0,0,0,0,0,0,0,0,0,0,0,0,0,0,0,6,4,0,0,0,0,2,1,0,0,0,0,5,1,1,0,0,0,0,0,0,0,0,0,0,0,0,0,0,0,0,0,0,0,0,0,0,0,0,0,0,0,0,0,0,0,0,0,0,0,0,0,0,0,0,0,0,0,0,0,0,0,0,0,0,0,0,0,0,0,0,0,0,0,0,0,0,0,0,0,0,0,0,0,0,0,0,0,0,0,0,0,0,0,0,0,0,0,0,0,0,0,0,0,0,0,0,0,0,0,0,0,0,0,0,0,0,0,0,0,0,0,0,0,0,0,0,0,0,0,0,0,0,0,0,0,0,0,0,0,0,0,0,0,1,1,0,0,0,0,1,0,0,0,0,0,0,0,0,0,0,0,0,0,0,0,0,0
2011021185,2012-04-01,13.866666666666667,3.1,3.55,0,0,0,9,1,3,0,0,0,14,1,4,1,0,1,3,0,1,4,0,0,11,2,0,0,0,0,0,0,1,0,0,0,0,0,0,0,0,0,2,0,2,0,0,0,0,0,0,2,0,0,0,0,0,0,0,0,0,0,0,6,5,0,0,0,0,0,1,0,0,0,0,18,1,6,1,0,0,1,0,3,0,0,0,2,0,0,0,0,0,0,0,0,0,0,0,4,5,0,0,0,0,0,1,0,0,0,0,14,1,4,1,0,0,1,0,3,0,0,0,1,0,0,0,0,0,0,0,0,0,0,0,2,3,0,0,0,0,0,1,0,0,0,0,10,0,4,1,0,0,1,0,2,0,0,0,0,0,0,0,0,0,0,0,0,0,0,0,0,1,0,0,0,0,0,0,0,0,0,0,1,0,0,0,0,0,0,0,0,0,0,0,0,0,0,0,0,0,0,0,0,0,0,0,0,1,0,0,0,0,0,0,0,0,0,0,1,0,0,0,0,0,0,0,0,0,0,0,0,0,0,0,0,0,0,0,0,0,0,0,0,1,0,0,0,0,0,0,0,0,0,0,1,0,0,0,0,0,0,0,0,0,0,0,0,0,0,0,0,0,0,0,0,0,0,0,0,1,0,0,0,0,0,0,0,0,0,0,1,0,2,0,0,0,0,0,1,0,0,0
2011021192,2012-04-03,10.75,8.95,5.033333333333333,0,0,0,8,3,3,0,0,0,11,5,1,2,1,1,5,5,3,1,0,0,8,3,1,0,0,0,0,0,0,0,0,0,3,0,1,0,0,2,2,0,2,0,0,0,0,0,0,3,3,0,0,0,0,0,0,0,0,0,0,15,17,1,1,0,0,3,4,0,0,0,0,5,1,3,1,0,1,0,0,0,0,0,0,1,3,0,0,0,0,0,0,0,0,0,0,11,14,0,0,0,0,3,3,0,0,0,0,2,1,3,1,0,1,0,0,0,0,0,0,1,1,0,0,0,0,0,0,0,0,0,0,7,9,0,0,0,0,3,2,0,0,0,0,2,0,2,1,0,1,0,0,0,0,0,0,0,0,0,0,0,0,0,0,0,0,0,0,0,0,0,0,0,0,1,1,0,0,0,0,0,0,0,0,0,0,0,0,0,0,0,0,0,0,0,0,0,0,1,0,0,0,0,0,0,0,0,0,0,0,1,1,0,0,0,0,0,0,0,0,0,0,0,0,0,0,0,0,0,0,0,0,0,0,0,0,0,0,0,0,0,0,0,0,0,0,1,1,0,0,0,0,0,0,0,0,0,0,0,0,0,0,0,0,1,1,0,0,0,0,0,0,0,0,0,0,2,4,0,0,0,0,1,0,0,0,0,0,0,0,0,0,0,0,0,0,0,0,0,0
2011021203,2012-04-05,14.266666666666667,0.8833333333333333,1.95,0,0,0,9,2,1,0,0,0,8,0,1,1,0,0,8,0,1,0,0,0,8,0,0,0,0,0,1,0,0,1,0,0,3,0,0,0,0,0,0,0,0,0,0,0,0,0,0,2,1,0,0,0,0,0,0,0,0,0,0,9,2,1,2,0,0,0,0,0,0,0,0,12,0,1,0,0,0,1,0,0,0,0,0,2,0,0,0,0,0,0,0,0,0,0,0,5,1,1,2,0,0,0,0,0,0,0,0,7,0,0,0,0,0,1,0,0,0,0,0,2,0,0,0,0,0,0,0,0,0,0,0,3,1,1,1,0,0,0,0,0,0,0,0,5,0,0,0,0,0,1,0,0,0,0,0,0,0,0,0,0,0,0,0,0,0,0,0,0,0,0,0,0,0,0,0,0,0,0,0,0,0,0,0,0,0,0,0,0,0,0,0,0,0,0,0,0,0,0,0,0,0,0,0,0,0,0,0,0,0,0,0,0,0,0,0,0,0,0,0,0,0,0,0,0,0,0,0,0,0,0,0,0,0,0,0,0,0,0,0,0,0,0,0,0,0,0,0,0,0,0,0,0,0,0,0,0,0,0,0,0,0,0,0,0,0,0,0,0,0,0,0,0,0,0,0,0,0,0,0,0,0,0,0,0,0,0,0,1,0,0,0,0,0,0,0,0,0,0,0
2011021219,2012-04-07,7.716666666666667,3.9833333333333334,5.033333333333333,0,0,0,8,1,2,0,0,0,4,2,2,0,1,0,0,1,0,1,0,0,4,0,1,0,0,0,1,0,0,0,0,0,1,0,0,0,0,0,0,0,2,0,0,0,2,0,0,1,0,0,0,0,0,0,0,0,0,0,0,7,3,2,1,0,0,0,0,0,0,0,0,4,0,13,1,0,0,0,0,0,0,0,0,1,0,0,0,0,0,0,0,0,0,0,0,5,1,1,1,0,0,0,0,0,0,0,0,2,0,9,1,0,0,0,0,0,0,0,0,1,0,0,0,0,0,0,0,0,0,0,0,4,1,1,1,0,0,0,0,0,0,0,0,1,0,4,1,0,0,0,0,0,0,0,0,0,0,0,0,0,0,0,0,0,0,0,0,0,0,0,0,0,0,0,0,0,0,0,0,1,0,1,1,0,0,0,0,0,0,0,0,0,0,0,0,0,0,0,0,0,0,0,0,0,0,0,0,0,0,0,0,0,0,0,0,1,0,1,1,0,0,0,0,0,0,0,0,0,0,0,0,0,0,0,0,0,0,0,0,0,0,0,0,0,0,0,0,0,0,0,0,1,0,1,0,0,0,0,0,0,0,0,0,0,0,0,0,0,0,0,0,0,0,0,0,0,0,0,0,0,0,0,0,0,0,0,0,0,0,0,0,0,0,0,0,0,0,0,0
2011030141,2012-04-11,15.883333333333333,1.6833333333333333,3.9833333333333334,0,0,0,9,1,3,0,0,0,10,0,2,1,0,0,9,1,0,2,0,0,9,0,1,0,0,0,0,0,0,0,0,0,2,0,0,0,0,0,2,0,0,0,0,0,4,0,0,1,1,0,0,0,1,0,0,0,0,0,0,13,1,0,0,0,1,1,0,0,0,0,0,16,1,8,0,0,0,0,0,1,0,0,0,0,0,0,0,0,1,0,0,0,0,0,0,7,0,0,0,0,1,1,0,0,0,0,0,14,1,6,0,0,0,0,0,1,0,0,0,0,0,0,0,0,1,0,0,0,0,0,0,6,0,0,0,0,1,0,0,0,0,0,0,10,0,4,0,0,0,0,0,1,0,0,0,0,0,0,0,0,0,0,0,0,0,0,0,1,0,0,0,0,0,0,0,0,0,0,0,0,0,0,0,0,0,0,0,0,0,0,0,0,0,0,0,0,0,0,0,0,0,0,0,1,0,0,0,0,0,0,0,0,0,0,0,0,0,0,0,0,0,0,0,0,0,0,0,0,0,0,0,0,0,0,0,0,0,0,0,0,0,0,0,0,0,0,0,0,0,0,0,0,0,0,0,0,0,0,0,0,0,0,0,0,0,0,0,0,0,0,0,0,0,0,0,1,0,0,0,0,0,0,0,0,0,0,0,0,0,1,0,0,0,0,0,0,0,0,0
2011030142,2012-04-13,15.716666666666667,2.4166666666666665,3.216666666666667,0,0,0,14,1,4,0,0,0,12,3,2,1,0,0,7,1,0,0,0,0,11,1,0,0,0,0,1,0,1,0,0,0,0,0,0,0,0,0,0,0,0,0,0,0,0,0,0,2,1,0,0,0,0,0,0,0,0,0,0,12,5,3,0,0,0,0,1,1,0,0,0,10,0,8,1,0,0,0,0,1,0,0,0,0,0,0,0,0,0,0,0,0,0,0,0,9,4,3,0,0,0,0,1,1,0,0,0,8,0,8,1,0,0,0,0,1,0,0,0,0,0,0,0,0,0,0,0,0,0,0,0,7,3,3,0,0,0,0,1,1,0,0,0,4,0,6,1,0,0,0,0,1,0,0,0,0,0,0,0,0,0,0,0,0,0,0,0,2,1,1,0,0,0,0,0,1,0,0,0,1,0,1,0,0,0,0,0,1,0,0,0,0,0,0,0,0,0,0,0,0,0,0,0,2,1,1,0,0,0,0,0,1,0,0,0,1,0,1,0,0,0,0,0,1,0,0,0,0,1,0,0,0,0,0,0,0,0,0,0,1,1,0,0,0,0,0,0,0,0,0,0,1,0,1,0,0,0,0,0,1,0,0,0,0,0,0,0,0,0,0,0,0,0,0,0,0,1,1,0,0,0,0,0,0,0,0,0,0,0,1,0,0,0,0,0,0,0,0,0
2011030143,2012-04-15,2.55,1.8,0.9666666666666667,0,0,0,2,2,0,0,0,0,3,1,3,0,0,0,3,1,1,0,0,0,1,1,0,0,0,0,1,0,0,0,0,0,0,0,1,0,5,0,2,20,0,0,17,0,0,24,0,0,0,0,0,0,0,0,0,0,0,0,0,1,3,0,0,0,0,0,1,0,0,0,0,7,0,3,0,0,0,1,0,1,0,0,0,0,0,0,0,0,0,0,0,0,0,0,0,0,3,0,0,0,0,0,1,0,0,0,0,7,0,3,0,0,0,1,0,1,0,0,0,0,0,0,0,0,0,0,0,0,0,0,0,0,3,0,0,0,0,0,1,0,0,0,0,5,0,3,0,0,0,1,0,0,0,0,0,0,0,0,0,0,0,0,0,0,0,0,0,0,0,0,0,0,0,0,1,0,0,0,0,1,0,0,0,0,0,0,0,0,0,0,0,0,0,0,0,0,0,0,0,0,0,0,0,0,0,0,0,0,0,0,1,0,0,0,0,1,0,0,0,0,0,0,0,0,0,0,0,0,0,0,0,0,0,0,0,0,0,0,0,0,0,0,0,0,0,0,1,0,0,0,0,1,0,0,0,0,0,0,0,0,0,0,0,0,0,0,0,0,0,0,0,0,0,0,0,0,1,0,0,0,0,0,0,0,0,0,0,1,0,1,0,0,0,0,0,0,0,0,0
2011030144,2012-04-18,11.316666666666666,3.8833333333333333,7.6,0,0,0,7,1,6,0,0,0,7,3,6,0,0,1,4,1,2,0,0,1,5,0,2,0,0,0,1,0,2,1,0,0,3,0,0,0,0,0,2,2,2,0,0,0,2,0,0,0,2,0,0,0,0,0,0,0,0,0,0,7,6,2,0,0,1,0,1,0,0,0,0,10,0,12,2,0,1,1,0,1,0,0,0,0,2,0,0,0,0,0,0,0,0,0,0,5,5,2,0,0,0,0,1,0,0,0,0,7,0,9,0,0,0,1,0,1,0,0,0,0,2,0,0,0,0,0,0,0,0,0,0,4,5,2,0,0,0,0,1,0,0,0,0,6,0,7,0,0,0,0,0,1,0,0,0,0,1,0,0,0,0,0,0,0,0,0,0,0,2,0,0,0,0,0,1,0,0,0,0,0,0,2,0,0,0,0,0,0,0,0,0,0,0,0,0,0,0,0,0,0,0,0,0,0,2,0,0,0,0,0,1,0,0,0,0,0,0,2,0,0,0,0,0,0,0,0,0,0,0,0,0,0,0,0,0,0,0,0,0,0,2,0,0,0,0,0,1,0,0,0,0,0,0,1,0,0,0,0,0,0,0,0,0,0,0,0,0,0,0,0,0,0,0,0,0,0,1,0,0,0,0,0,0,0,0,0,0,1,0,1,0,0,0,0,0,0,0,0,0
2011030145,2012-04-20,14.716666666666667,6.016666666666667,4.283333333333333,0,0,0,7,6,2,0,0,0,12,2,2,2,0,1,6,0,1,4,0,0,8,2,0,0,0,0,1,0,0,0,0,0,1,0,0,0,0,0,4,0,0,0,0,0,2,0,0,0,2,0,0,0,0,0,0,0,0,0,0,11,12,1,0,0,0,0,1,1,0,0,0,5,0,5,0,0,0,0,0,0,0,0,0,0,2,0,0,0,0,0,0,0,0,0,0,7,9,1,0,0,0,0,1,1,0,0,0,5,0,3,0,0,0,0,0,0,0,0,0,0,1,0,0,0,0,0,0,0,0,0,0,5,5,1,0,0,0,0,1,1,0,0,0,4,0,1,0,0,0,0,0,0,0,0,0,0,0,0,0,0,0,0,0,0,0,0,0,0,1,0,0,0,0,0,0,0,0,0,0,0,0,1,0,0,0,0,0,0,0,0,0,0,0,0,0,0,0,0,0,0,0,0,0,0,1,0,0,0,0,0,0,0,0,0,0,0,0,1,0,0,0,0,0,0,0,0,0,0,0,0,0,0,0,0,0,0,0,0,0,0,1,0,0,0,0,0,0,0,0,0,0,0,0,1,0,0,0,0,0,0,0,0,0,0,0,0,0,0,0,0,0,0,0,0,0,0,1,1,0,0,0,0,0,0,0,0,0,0,0,0,0,0,0,0,0,0,0,0,0
2011030146,2012-04-22,7.416666666666667,2.533333333333333,5.783333333333333,0,0,0,5,1,3,0,0,0,2,2,4,1,0,0,7,0,0,1,0,1,7,0,1,0,0,0,0,0,0,0,0,1,0,0,1,0,0,0,2,0,0,2,0,0,4,0,0,0,0,0,0,0,0,0,0,0,0,0,0,7,5,1,1,0,0,0,3,0,0,0,0,4,0,14,2,0,0,0,0,1,0,0,0,0,0,0,0,0,0,0,0,0,0,0,0,4,3,1,1,0,0,0,3,0,0,0,0,1,0,7,2,0,0,0,0,1,0,0,0,0,0,0,0,0,0,0,0,0,0,0,0,3,2,0,0,0,0,0,2,0,0,0,0,1,0,6,2,0,0,0,0,0,0,0,0,0,0,0,0,0,0,0,0,0,0,0,0,0,0,0,0,0,0,0,1,0,0,0,0,0,0,0,0,0,0,0,0,0,0,0,0,0,0,0,0,0,0,0,0,0,0,0,0,0,0,0,0,0,0,0,1,0,0,0,0,0,0,0,0,0,0,0,0,0,0,0,0,0,0,0,0,0,0,0,0,0,0,0,0,0,0,0,0,0,0,0,1,0,0,0,0,0,0,0,0,0,0,0,0,0,0,0,0,0,0,0,0,0,0,0,0,0,0,0,0,0,3,0,0,0,0,0,0,0,0,0,0,0,0,1,0,0,0,0,0,0,0,0,0
2011030221,2012-04-29,11,5.65,3.4833333333333334,0,0,0,7,3,1,0,0,0,5,3,3,0,0,0,3,1,0,0,0,0,6,0,0,0,0,0,0,0,0,1,0,0,1,0,1,0,0,0,4,0,0,0,0,0,2,0,0,0,1,0,0,0,0,1,0,0,0,0,0,6,7,0,0,0,0,2,4,0,0,0,0,9,3,4,1,0,1,0,0,0,0,0,0,0,1,0,0,0,0,1,0,0,0,0,0,4,4,0,0,0,0,2,4,0,0,0,0,3,3,3,1,0,1,0,0,0,0,0,0,0,1,0,0,0,0,1,0,0,0,0,0,3,3,0,0,0,0,2,3,0,0,0,0,1,3,2,1,0,1,0,0,0,0,0,0,0,0,0,0,0,0,0,0,0,0,0,0,0,1,0,0,0,0,0,0,0,0,0,0,0,0,0,0,0,0,0,0,0,0,0,0,0,1,0,0,0,0,0,0,0,0,0,0,0,1,0,0,0,0,0,0,0,0,0,0,0,0,0,0,0,0,0,0,0,0,0,0,0,0,0,0,0,0,0,0,0,0,0,0,0,1,0,0,0,0,0,0,0,0,0,0,0,0,0,0,0,0,0,0,0,0,0,0,0,0,0,0,0,0,1,0,0,0,0,0,1,1,0,0,0,0,1,3,0,0,0,0,0,0,0,0,0,0,0,0,0,0,0,0
2011030222,2012-05-01,11.883333333333333,5.15,2.1333333333333333,0,0,0,9,2,1,0,0,0,4,5,1,0,0,0,4,0,0,1,0,0,9,0,0,0,0,0,2,2,0,1,0,0,4,0,0,0,0,0,2,0,0,2,0,0,4,2,0,2,0,0,0,0,0,0,0,0,0,0,0,8,2,0,1,0,0,0,0,0,0,0,0,6,0,7,3,0,0,0,0,0,1,0,0,1,0,0,0,0,0,0,0,0,0,0,0,5,1,0,1,0,0,0,0,0,0,0,0,5,0,6,2,0,0,0,0,0,0,0,0,0,0,0,0,0,0,0,0,0,0,0,0,4,1,0,1,0,0,0,0,0,0,0,0,4,0,4,2,0,0,0,0,0,0,0,0,0,0,0,0,0,0,0,0,0,0,0,0,0,0,0,0,0,0,0,0,0,0,0,0,1,0,0,0,0,0,0,0,0,0,0,0,0,0,0,0,0,0,0,0,0,0,0,0,0,0,0,0,0,0,0,0,0,0,0,0,1,0,0,0,0,0,0,0,0,0,0,0,0,0,0,0,0,0,0,0,0,0,0,0,0,0,0,0,0,0,0,0,0,0,0,0,1,0,0,0,0,0,0,0,0,0,0,0,0,0,0,0,0,0,0,0,0,0,0,0,0,0,0,0,0,0,0,0,0,0,0,0,0,0,0,1,0,0,0,0,0,0,0,0
2011030223,2012-05-03,23.816666666666666,4.716666666666667,1.3666666666666667,0,0,0,10,1,0,0,0,0,9,2,1,3,0,0,11,1,0,1,0,0,11,2,1,0,0,0,0,0,0,0,0,0,0,0,0,0,0,0,6,0,0,0,0,0,2,0,0,1,1,0,0,0,0,0,0,0,0,0,0,11,2,0,2,0,0,0,0,0,0,0,0,24,0,3,0,0,0,0,0,0,0,0,0,1,1,0,0,0,0,0,0,0,0,0,0,9,2,0,0,0,0,0,0,0,0,0,0,18,0,3,0,0,0,0,0,0,0,0,0,1,1,0,0,0,0,0,0,0,0,0,0,7,2,0,0,0,0,0,0,0,0,0,0,12,0,2,0,0,0,0,0,0,0,0,0,0,0,0,0,0,0,0,0,0,0,0,0,0,0,0,0,0,0,0,0,0,0,0,0,1,0,1,0,0,0,0,0,0,0,0,0,0,0,0,0,0,0,0,0,0,0,0,0,0,0,0,0,0,0,0,0,0,0,0,0,1,0,1,0,0,0,0,0,0,0,0,0,0,0,0,0,0,0,0,0,0,0,0,0,0,0,0,0,0,0,0,0,0,0,0,0,1,0,1,0,0,0,0,0,0,0,0,0,0,0,0,0,0,0,0,0,0,0,0,0,0,0,0,0,0,0,0,0,0,0,0,0,0,0,0,0,0,0,0,0,0,0,0,0
2011030224,2012-05-06,14.45,1.3,4.3,0,0,0,17,2,6,0,0,0,2,0,4,1,0,1,7,0,1,2,0,0,6,1,0,0,0,0,2,0,1,0,0,0,6,0,1,0,0,0,0,0,0,2,0,0,2,0,0,1,0,0,0,0,0,0,0,0,0,0,0,5,2,1,2,0,0,0,0,0,0,0,0,15,0,5,0,0,1,1,0,0,0,0,0,1,0,0,0,0,0,0,0,0,0,0,0,5,2,1,1,0,0,0,0,0,0,0,0,13,0,3,0,0,1,1,0,0,0,0,0,1,0,0,0,0,0,0,0,0,0,0,0,5,2,1,1,0,0,0,0,0,0,0,0,11,0,2,0,0,1,1,0,0,0,0,0,0,0,0,0,0,0,0,0,0,0,0,0,0,1,1,0,0,0,0,0,0,0,0,0,2,0,0,0,0,0,0,0,0,0,0,0,0,0,0,0,0,0,0,0,0,0,0,0,0,1,1,0,0,0,0,0,0,0,0,0,2,0,0,0,0,0,0,0,0,0,0,0,0,1,0,0,0,0,0,0,0,0,0,0,0,1,0,0,0,0,0,0,0,0,0,0,2,0,0,0,0,0,0,0,0,0,0,0,0,0,0,0,0,0,0,0,0,0,0,0,0,0,0,0,0,0,0,0,0,0,0,0,1,0,0,0,0,0,0,0,0,0,0,0
2011030225,2012-05-08,16.316666666666666,1.1666666666666667,3.6,0,0,0,12,1,2,0,0,0,12,0,4,1,0,1,4,0,1,2,0,0,10,0,0,0,0,0,1,0,1,0,0,1,5,1,1,0,0,0,0,0,0,0,0,0,4,0,0,3,0,0,1,0,0,0,0,0,0,0,0,12,0,3,1,0,0,3,0,0,0,0,0,18,1,4,2,0,0,1,0,1,0,0,0,2,0,0,0,0,0,0,0,0,0,0,0,8,0,3,0,0,0,3,0,0,0,0,0,13,1,2,2,0,0,1,0,1,0,0,0,2,0,0,0,0,0,0,0,0,0,0,0,5,0,3,0,0,0,3,0,0,0,0,0,9,1,1,1,0,0,1,0,0,0,0,0,0,0,0,0,0,0,0,0,0,0,0,0,0,0,0,0,0,0,1,0,0,0,0,0,1,0,1,1,0,0,0,0,0,0,0,0,0,0,0,0,0,0,0,0,0,0,0,0,0,0,0,0,0,0,1,0,0,0,0,0,1,0,1,0,0,0,0,0,0,0,0,0,0,0,0,0,0,0,0,0,0,0,0,0,0,0,0,0,0,0,1,0,0,0,0,0,1,0,1,0,0,0,0,0,0,0,0,0,0,0,0,0,0,0,0,0,0,0,0,0,2,0,0,0,0,0,1,0,0,0,0,0,1,0,1,0,0,0,0,0,0,0,0,0
