gameId,gameTypeId,gameDate,mP_ev,mP_pp,mP_sh,iFW_ev,iFW_pp,iFW_sh,oFW_ev,oFW_pp,oFW_sh,iFL_ev,iFL_pp,iFL_sh,oFL_ev,oFL_pp,oFL_sh,iHG_ev,iHG_pp,iHG_sh,oHG_ev,oHG_pp,oHG_sh,iHT_ev,iHT_pp,iHT_sh,oHT_ev,oHT_pp,oHT_sh,iTW_ev,iTW_pp,iTW_sh,oTW_ev,oTW_pp,oTW_sh,iGW_ev,iGW_pp,iGW_sh,oGW_ev,oGW_pp,oGW_sh,iMD_ev,iMD_pp,iMD_sh,oMD_ev,oMD_pp,oMD_sh,iMC_ev,iMC_pp,iMC_sh,oMC_ev,oMC_pp,oMC_sh,iCF_neither_ev,iCF_neither_pp,iCF_neither_sh,iCF_rush_ev,iCF_rush_pp,iCF_rush_sh,iCF_rebound_ev,iCF_rebound_pp,iCF_rebound_sh,iCF_both_ev,iCF_both_pp,iCF_both_sh,oCF_neither_ev,oCF_neither_pp,oCF_neither_sh,oCF_rush_ev,oCF_rush_pp,oCF_rush_sh,oCF_rebound_ev,oCF_rebound_pp,oCF_rebound_sh,oCF_both_ev,oCF_both_pp,oCF_both_sh,oCA_neither_ev,oCA_neither_pp,oCA_neither_sh,oCA_rush_ev,oCA_rush_pp,oCA_rush_sh,oCA_rebound_ev,oCA_rebound_pp,oCA_rebound_sh,oCA_both_ev,oCA_both_pp,oCA_both_sh,iFF_neither_ev,iFF_neither_pp,iFF_neither_sh,iFF_rush_ev,iFF_rush_pp,iFF_rush_sh,iFF_rebound_ev,iFF_rebound_pp,iFF_rebound_sh,iFF_both_ev,iFF_both_pp,iFF_both_sh,oFF_neither_ev,oFF_neither_pp,oFF_neither_sh,oFF_rush_ev,oFF_rush_pp,oFF_rush_sh,oFF_rebound_ev,oFF_rebound_pp,oFF_rebound_sh,oFF_both_ev,oFF_both_pp,oFF_both_sh,oFA_neither_ev,oFA_neither_pp,oFA_neither_sh,oFA_rush_ev,oFA_rush_pp,oFA_rush_sh,oFA_rebound_ev,oFA_rebound_pp,oFA_rebound_sh,oFA_both_ev,oFA_both_pp,oFA_both_sh,iSF_neither_ev,iSF_neither_pp,iSF_neither_sh,iSF_rush_ev,iSF_rush_pp,iSF_rush_sh,iSF_rebound_ev,iSF_rebound_pp,iSF_rebound_sh,iSF_both_ev,iSF_both_pp,iSF_both_sh,oSF_neither_ev,oSF_neither_pp,oSF_neither_sh,oSF_rush_ev,oSF_rush_pp,oSF_rush_sh,oSF_rebound_ev,oSF_rebound_pp,oSF_rebound_sh,oSF_both_ev,oSF_both_pp,oSF_both_sh,oSA_neither_ev,oSA_neither_pp,oSA_neither_sh,oSA_rush_ev,oSA_rush_pp,oSA_rush_sh,oSA_rebound_ev,oSA_rebound_pp,oSA_rebound_sh,oSA_both_ev,oSA_both_pp,oSA_both_sh,iGF_neither_ev,iGF_neither_pp,iGF_neither_sh,iGF_rush_ev,iGF_rush_pp,iGF_rush_sh,iGF_rebound_ev,iGF_rebound_pp,iGF_rebound_sh,iGF_both_ev,iGF_both_pp,iGF_both_sh,oGF_neither_ev,oGF_neither_pp,oGF_neither_sh,oGF_rush_ev,oGF_rush_pp,oGF_rush_sh,oGF_rebound_ev,oGF_rebound_pp,oGF_rebound_sh,oGF_both_ev,oGF_both_pp,oGF_both_sh,oGA_neither_ev,oGA_neither_pp,oGA_neither_sh,oGA_rush_ev,oGA_rush_pp,oGA_rush_sh,oGA_rebound_ev,oGA_rebound_pp,oGA_rebound_sh,oGA_both_ev,oGA_both_pp,oGA_both_sh,iAPF_neither_ev,iAPF_neither_pp,iAPF_neither_sh,iAPF_rush_ev,iAPF_rush_pp,iAPF_rush_sh,iAPF_rebound_ev,iAPF_rebound_pp,iAPF_rebound_sh,iAPF_both_ev,iAPF_both_pp,iAPF_both_sh,oAPF_neither_ev,oAPF_neither_pp,oAPF_neither_sh,oAPF_rush_ev,oAPF_rush_pp,oAPF_rush_sh,oAPF_rebound_ev,oAPF_rebound_pp,oAPF_rebound_sh,oAPF_both_ev,oAPF_both_pp,oAPF_both_sh,oAPA_neither_ev,oAPA_neither_pp,oAPA_neither_sh,oAPA_rush_ev,oAPA_rush_pp,oAPA_rush_sh,oAPA_rebound_ev,oAPA_rebound_pp,oAPA_rebound_sh,oAPA_both_ev,oAPA_both_pp,oAPA_both_sh,iASF_neither_ev,iASF_neither_pp,iASF_neither_sh,iASF_rush_ev,iASF_rush_pp,iASF_rush_sh,iASF_rebound_ev,iASF_rebound_pp,iASF_rebound_sh,iASF_both_ev,iASF_both_pp,iASF_both_sh,oASF_neither_ev,oASF_neither_pp,oASF_neither_sh,oASF_rush_ev,oASF_rush_pp,oASF_rush_sh,oASF_rebound_ev,oASF_rebound_pp,oASF_rebound_sh,oASF_both_ev,oASF_both_pp,oASF_both_sh,oASA_neither_ev,oASA_neither_pp,oASA_neither_sh,oASA_rush_ev,oASA_rush_pp,oASA_rush_sh,oASA_rebound_ev,oASA_rebound_pp,oASA_rebound_sh,oASA_both_ev,oASA_both_pp,oASA_both_sh,iRCF_neither_ev,iRCF_neither_pp,iRCF_neither_sh,iRCF_rush_ev,iRCF_rush_pp,iRCF_rush_sh,iRCF_rebound_ev,iRCF_rebound_pp,iRCF_rebound_sh,iRCF_both_ev,iRCF_both_pp,iRCF_both_sh,oRCF_neither_ev,oRCF_neither_pp,oRCF_neither_sh,oRCF_rush_ev,oRCF_rush_pp,oRCF_rush_sh,oRCF_rebound_ev,oRCF_rebound_pp,oRCF_rebound_sh,oRCF_both_ev,oRCF_both_pp,oRCF_both_sh,oRCA_neither_ev,oRCA_neither_pp,oRCA_neither_sh,oRCA_rush_ev,oRCA_rush_pp,oRCA_rush_sh,oRCA_rebound_ev,oRCA_rebound_pp,oRCA_rebound_sh,oRCA_both_ev,oRCA_both_pp,oRCA_both_sh
2015020002,2,2015-10-07,18.95,0,0,0,0,0,12,0,0,0,0,0,9,0,0,3,0,0,15,0,0,0,0,0,10,0,0,0,0,0,3,0,0,0,0,0,5,0,0,2,0,0,2,0,0,0,2,0,0,2,0,1,0,0,1,0,0,0,0,0,0,0,0,16,0,0,1,0,0,1,0,0,0,0,0,14,0,0,1,0,0,0,0,0,0,0,0,1,0,0,1,0,0,0,0,0,0,0,0,13,0,0,1,0,0,1,0,0,0,0,0,10,0,0,1,0,0,0,0,0,0,0,0,0,0,0,0,0,0,0,0,0,0,0,0,11,0,0,0,0,0,1,0,0,0,0,0,5,0,0,1,0,0,0,0,0,0,0,0,0,0,0,0,0,0,0,0,0,0,0,0,1,0,0,0,0,0,1,0,0,0,0,0,0,0,0,0,0,0,0,0,0,0,0,0,1,0,0,0,0,0,0,0,0,0,0,0,1,0,0,0,0,0,1,0,0,0,0,0,0,0,0,0,0,0,0,0,0,0,0,0,0,0,0,0,0,0,0,0,0,0,0,0,1,0,0,0,0,0,1,0,0,0,0,0,0,0,0,0,0,0,0,0,0,0,0,0,0,0,0,0,0,0,0,0,0,0,0,0,1,0,0,0,0,0,0,0,0,0,0,0,0,0,0,0,0,0,0,0,0,0,0,0
2015020013,2,2015-10-09,15.683333333333334,2.1,0,0,0,0,7,2,0,0,0,0,10,1,0,0,0,0,8,0,0,0,2,0,6,2,0,0,0,0,3,0,0,1,0,0,2,0,0,0,0,0,0,0,0,0,0,0,4,0,0,0,1,0,0,0,0,0,0,0,0,0,0,7,2,0,1,0,0,0,0,0,0,0,0,10,0,0,1,0,0,0,0,0,0,0,0,0,1,0,0,0,0,0,0,0,0,0,0,4,2,0,1,0,0,0,0,0,0,0,0,8,0,0,1,0,0,0,0,0,0,0,0,0,1,0,0,0,0,0,0,0,0,0,0,3,2,0,1,0,0,0,0,0,0,0,0,5,0,0,1,0,0,0,0,0,0,0,0,0,0,0,0,0,0,0,0,0,0,0,0,0,0,0,0,0,0,0,0,0,0,0,0,0,0,0,1,0,0,0,0,0,0,0,0,0,0,0,0,0,0,0,0,0,0,0,0,0,0,0,0,0,0,0,0,0,0,0,0,0,0,0,1,0,0,0,0,0,0,0,0,0,0,0,0,0,0,0,0,0,0,0,0,0,0,0,0,0,0,0,0,0,0,0,0,0,0,0,0,0,0,0,0,0,0,0,0,0,0,0,0,0,0,0,0,0,0,0,0,0,0,0,0,0,0,0,0,0,0,0,0,0,0,0,0,0,0,0,0,0,0,0,0
2015020021,2,2015-10-10,17.716666666666665,2.1333333333333333,0,0,0,0,14,2,0,0,0,0,10,0,0,0,0,0,10,0,0,0,0,0,10,0,0,1,0,0,1,0,0,1,0,0,3,1,0,0,0,0,0,0,0,0,0,0,6,0,0,0,1,0,1,0,0,0,0,0,0,0,0,9,5,0,3,0,0,0,0,0,1,0,0,20,0,0,1,0,0,0,0,0,0,0,0,0,1,0,0,0,0,0,0,0,0,0,0,8,4,0,2,0,0,0,0,0,1,0,0,16,0,0,1,0,0,0,0,0,0,0,0,0,0,0,0,0,0,0,0,0,0,0,0,8,2,0,2,0,0,0,0,0,1,0,0,11,0,0,1,0,0,0,0,0,0,0,0,0,0,0,0,0,0,0,0,0,0,0,0,2,1,0,0,0,0,0,0,0,1,0,0,0,0,0,0,0,0,0,0,0,0,0,0,0,0,0,0,0,0,0,0,0,0,0,0,2,1,0,0,0,0,0,0,0,1,0,0,0,0,0,0,0,0,0,0,0,0,0,0,1,1,0,0,0,0,0,0,0,0,0,0,2,1,0,0,0,0,0,0,0,0,0,0,0,0,0,0,0,0,0,0,0,0,0,0,0,0,0,0,0,0,0,0,0,0,0,0,0,0,0,1,0,0,0,0,0,0,0,0,0,0,0,0,0,0,0,0,0,0,0,0
2015020038,2,2015-10-13,14.333333333333334,5.916666666666667,0,0,0,0,6,4,0,0,0,0,7,1,0,2,0,0,8,0,0,0,0,0,6,0,0,1,1,0,3,1,0,2,0,0,6,1,0,0,0,0,2,0,2,0,0,0,6,0,0,3,3,0,0,0,0,0,0,0,0,0,0,13,13,0,1,0,0,2,0,0,0,0,0,10,0,0,1,0,0,0,0,0,0,0,0,2,3,0,0,0,0,0,0,0,0,0,0,10,8,0,1,0,0,2,0,0,0,0,0,7,0,0,1,0,0,0,0,0,0,0,0,2,3,0,0,0,0,0,0,0,0,0,0,8,6,0,1,0,0,2,0,0,0,0,0,6,0,0,1,0,0,0,0,0,0,0,0,0,0,0,0,0,0,0,0,0,0,0,0,0,0,0,0,0,0,0,0,0,0,0,0,0,0,0,0,0,0,0,0,0,0,0,0,0,0,0,0,0,0,0,0,0,0,0,0,0,0,0,0,0,0,0,0,0,0,0,0,0,0,0,0,0,0,0,0,0,0,0,0,0,0,0,0,0,0,0,0,0,0,0,0,0,0,0,0,0,0,0,0,0,0,0,0,0,0,0,0,0,0,0,0,0,0,0,0,1,0,0,0,0,0,0,0,0,0,0,0,2,0,0,0,0,0,0,0,0,0,0,0,0,0,0,0,0,0,0,0,0,0,0,0
2015020053,2,2015-10-15,17.766666666666666,4.65,0.03333333333333333,0,0,0,9,0,1,0,0,0,7,4,0,1,0,0,5,0,0,1,0,0,4,0,0,1,0,0,3,0,0,1,0,0,4,0,0,0,0,0,2,0,2,0,0,0,6,0,0,3,1,0,1,0,0,1,0,0,0,0,0,17,7,0,2,0,0,2,0,0,0,0,0,13,1,0,1,0,0,0,0,0,0,0,0,2,1,0,0,0,0,0,0,0,0,0,0,12,7,0,1,0,0,1,0,0,0,0,0,8,1,0,1,0,0,0,0,0,0,0,0,0,0,0,0,0,0,0,0,0,0,0,0,5,4,0,1,0,0,1,0,0,0,0,0,7,1,0,1,0,0,0,0,0,0,0,0,0,0,0,0,0,0,0,0,0,0,0,0,0,0,0,0,0,0,0,0,0,0,0,0,2,0,0,0,0,0,0,0,0,0,0,0,0,0,0,0,0,0,0,0,0,0,0,0,0,0,0,0,0,0,0,0,0,0,0,0,2,0,0,0,0,0,0,0,0,0,0,0,0,0,0,0,0,0,0,0,0,0,0,0,0,0,0,0,0,0,0,0,0,0,0,0,1,0,0,0,0,0,0,0,0,0,0,0,0,0,0,0,0,0,1,0,0,0,0,0,1,0,0,0,0,0,1,0,0,0,0,0,0,0,0,0,0,0,0,0,0,0,0,0
2015020075,2,2015-10-18,17.733333333333334,1.9666666666666666,0,0,0,0,4,1,0,0,0,0,3,1,0,1,0,0,7,0,0,0,0,0,8,2,0,0,0,0,4,0,0,1,0,0,3,0,0,0,0,0,0,0,0,0,0,0,0,0,0,2,1,0,0,0,0,0,0,0,0,0,0,19,3,0,0,0,0,1,0,0,0,0,0,12,0,0,0,0,0,0,0,0,0,0,0,1,1,0,0,0,0,0,0,0,0,0,0,14,2,0,0,0,0,1,0,0,0,0,0,11,0,0,0,0,0,0,0,0,0,0,0,1,1,0,0,0,0,0,0,0,0,0,0,11,2,0,0,0,0,1,0,0,0,0,0,7,0,0,0,0,0,0,0,0,0,0,0,0,0,0,0,0,0,0,0,0,0,0,0,0,0,0,0,0,0,0,0,0,0,0,0,0,0,0,0,0,0,0,0,0,0,0,0,0,0,0,0,0,0,0,0,0,0,0,0,0,0,0,0,0,0,0,0,0,0,0,0,0,0,0,0,0,0,0,0,0,0,0,0,0,0,0,0,0,0,0,0,0,0,0,0,0,0,0,0,0,0,0,0,0,0,0,0,0,0,0,0,0,0,0,0,0,0,0,0,0,0,0,0,0,0,0,0,0,0,0,0,1,0,0,0,0,0,0,0,0,0,0,0,0,0,0,0,0,0,0,0,0,0,0,0
2015020080,2,2015-10-19,20.7,0.43333333333333335,0,0,0,0,6,0,0,0,0,0,11,1,0,2,0,0,10,0,0,2,0,0,12,0,0,1,0,0,2,0,0,0,0,0,2,0,0,0,0,0,2,0,0,0,0,0,0,0,0,3,0,0,0,0,0,0,0,0,0,0,0,12,1,0,0,0,0,0,0,0,0,0,0,18,0,0,1,0,0,2,0,0,0,0,0,2,0,0,0,0,0,0,0,0,0,0,0,10,1,0,0,0,0,0,0,0,0,0,0,12,0,0,1,0,0,2,0,0,0,0,0,2,0,0,0,0,0,0,0,0,0,0,0,7,1,0,0,0,0,0,0,0,0,0,0,9,0,0,1,0,0,1,0,0,0,0,0,0,0,0,0,0,0,0,0,0,0,0,0,1,1,0,0,0,0,0,0,0,0,0,0,0,0,0,0,0,0,0,0,0,0,0,0,0,0,0,0,0,0,0,0,0,0,0,0,1,1,0,0,0,0,0,0,0,0,0,0,0,0,0,0,0,0,0,0,0,0,0,0,1,0,0,0,0,0,0,0,0,0,0,0,1,1,0,0,0,0,0,0,0,0,0,0,0,0,0,0,0,0,0,0,0,0,0,0,0,0,0,0,0,0,0,0,0,0,0,0,0,0,0,0,0,0,0,0,0,0,0,0,2,0,0,0,0,0,0,0,0,0,0,0
2015020092,2,2015-10-22,15.666666666666666,3.2333333333333334,0,0,0,0,11,1,0,0,0,0,4,3,0,0,0,0,8,0,0,1,0,0,7,0,0,1,0,0,5,0,0,0,0,0,2,2,0,0,0,0,2,0,0,2,0,0,4,0,0,2,2,0,0,0,0,0,0,0,0,0,0,14,5,0,1,0,0,0,0,0,0,0,0,9,1,0,2,0,0,0,0,0,0,0,0,2,2,0,0,0,0,0,0,0,0,0,0,10,4,0,1,0,0,0,0,0,0,0,0,9,1,0,2,0,0,0,0,0,0,0,0,2,1,0,0,0,0,0,0,0,0,0,0,9,2,0,1,0,0,0,0,0,0,0,0,7,1,0,2,0,0,0,0,0,0,0,0,0,1,0,0,0,0,0,0,0,0,0,0,0,1,0,1,0,0,0,0,0,0,0,0,0,0,0,1,0,0,0,0,0,0,0,0,0,0,0,0,0,0,0,0,0,0,0,0,0,1,0,1,0,0,0,0,0,0,0,0,0,0,0,1,0,0,0,0,0,0,0,0,0,0,0,0,0,0,0,0,0,0,0,0,0,1,0,0,0,0,0,0,0,0,0,0,0,0,0,1,0,0,0,0,0,0,0,0,0,0,0,0,0,0,0,0,0,0,0,0,0,0,0,0,0,0,0,0,0,0,0,0,0,0,0,0,0,0,0,0,0,0,0,0
2015020110,2,2015-10-24,16.816666666666666,3.0166666666666666,0,0,0,0,14,2,0,0,0,0,6,2,0,2,0,0,9,0,0,1,0,0,9,0,0,0,0,0,1,0,0,2,0,0,4,1,0,0,0,0,2,0,0,0,0,0,2,0,0,5,1,0,0,0,0,0,0,0,0,0,0,20,1,0,1,0,0,2,0,0,0,0,0,11,0,0,3,0,0,0,0,0,2,0,0,4,1,0,0,0,0,0,0,0,0,0,0,15,1,0,1,0,0,2,0,0,0,0,0,7,0,0,3,0,0,0,0,0,2,0,0,3,0,0,0,0,0,0,0,0,0,0,0,10,0,0,0,0,0,1,0,0,0,0,0,7,0,0,2,0,0,0,0,0,2,0,0,0,0,0,0,0,0,0,0,0,0,0,0,0,0,0,0,0,0,1,0,0,0,0,0,0,0,0,0,0,0,0,0,0,0,0,0,0,0,0,0,0,0,0,0,0,0,0,0,0,0,0,0,0,0,1,0,0,0,0,0,0,0,0,0,0,0,0,0,0,0,0,0,0,0,0,0,0,0,1,0,0,0,0,0,0,0,0,0,0,0,1,0,0,0,0,0,0,0,0,0,0,0,0,0,0,0,0,0,0,0,0,0,0,0,0,0,0,0,0,0,1,0,0,0,0,0,0,0,0,0,0,0,0,0,0,2,0,0,0,0,0,0,0,0
2015020119,2,2015-10-25,17.183333333333334,1.8,0.03333333333333333,0,0,0,4,0,0,0,0,0,8,1,0,0,0,0,9,0,0,0,0,0,5,1,0,0,0,0,3,0,0,2,0,0,4,1,0,0,0,0,6,0,0,2,0,0,4,2,0,4,1,0,0,0,0,0,0,0,0,0,0,12,2,1,3,0,0,3,0,0,1,0,0,12,1,0,2,0,0,0,0,0,0,0,0,2,1,0,0,0,0,0,0,0,0,0,0,7,2,1,3,0,0,3,0,0,1,0,0,10,1,0,2,0,0,0,0,0,0,0,0,1,0,0,0,0,0,0,0,0,0,0,0,6,0,1,2,0,0,3,0,0,1,0,0,5,1,0,0,0,0,0,0,0,0,0,0,0,0,0,0,0,0,0,0,0,0,0,0,0,0,0,0,0,0,1,0,0,1,0,0,0,0,0,0,0,0,0,0,0,0,0,0,0,0,0,0,0,0,0,0,0,0,0,0,0,0,0,0,0,0,1,0,0,0,0,0,0,0,0,0,0,0,0,0,0,0,0,0,0,0,0,0,0,0,0,0,0,0,0,0,0,0,0,0,0,0,1,0,0,0,0,0,0,0,0,0,0,0,0,0,0,0,0,0,1,0,0,0,0,0,0,0,0,0,0,0,3,0,0,0,0,0,1,0,0,0,0,0,0,0,0,0,0,0,0,0,0,0,0,0
2015020146,2,2015-10-30,18.016666666666666,3.316666666666667,0,0,0,0,6,1,0,0,0,0,8,3,0,0,0,0,10,0,0,0,0,0,10,0,0,0,0,0,1,0,0,1,0,0,3,1,0,0,0,0,0,0,0,0,0,0,0,0,0,4,1,0,0,0,0,0,0,0,0,0,0,17,2,0,0,0,0,0,0,0,0,0,0,15,0,0,1,0,0,1,0,0,0,0,0,2,1,0,0,0,0,0,0,0,0,0,0,10,1,0,0,0,0,0,0,0,0,0,0,11,0,0,1,0,0,1,0,0,0,0,0,2,1,0,0,0,0,0,0,0,0,0,0,5,1,0,0,0,0,0,0,0,0,0,0,7,0,0,1,0,0,1,0,0,0,0,0,0,0,0,0,0,0,0,0,0,0,0,0,0,0,0,0,0,0,0,0,0,0,0,0,0,0,0,0,0,0,0,0,0,0,0,0,0,0,0,0,0,0,0,0,0,0,0,0,0,0,0,0,0,0,0,0,0,0,0,0,0,0,0,0,0,0,0,0,0,0,0,0,0,0,0,0,0,0,0,0,0,0,0,0,0,0,0,0,0,0,0,0,0,0,0,0,0,0,0,0,0,0,0,0,0,0,0,0,0,0,0,0,0,0,0,0,0,0,0,0,0,0,0,0,0,0,0,0,0,0,0,0,1,0,0,0,0,0,0,0,0,0,0,0
2015020174,2,2015-11-03,18.966666666666665,1.1166666666666667,0,0,0,0,7,0,0,0,0,0,17,0,0,0,0,0,16,1,0,0,0,0,8,0,0,0,0,0,1,0,0,1,0,0,1,0,0,0,0,0,0,0,0,0,0,0,2,0,0,1,1,0,0,0,0,0,0,0,0,0,0,12,2,0,1,0,0,0,0,0,0,0,0,16,0,0,0,0,0,0,0,0,0,0,0,0,1,0,0,0,0,0,0,0,0,0,0,11,2,0,1,0,0,0,0,0,0,0,0,11,0,0,0,0,0,0,0,0,0,0,0,0,0,0,0,0,0,0,0,0,0,0,0,10,0,0,1,0,0,0,0,0,0,0,0,8,0,0,0,0,0,0,0,0,0,0,0,0,0,0,0,0,0,0,0,0,0,0,0,1,0,0,0,0,0,0,0,0,0,0,0,0,0,0,0,0,0,0,0,0,0,0,0,1,0,0,0,0,0,0,0,0,0,0,0,1,0,0,0,0,0,0,0,0,0,0,0,0,0,0,0,0,0,0,0,0,0,0,0,0,0,0,0,0,0,0,0,0,0,0,0,1,0,0,0,0,0,0,0,0,0,0,0,0,0,0,0,0,0,0,0,0,0,0,0,0,0,0,0,0,0,0,0,0,0,0,0,0,0,0,0,0,0,0,0,0,0,0,0,0,0,0,0,0,0,0,0,0,0,0,0
2015020197,2,2015-11-06,14.1,1.0666666666666667,0,0,0,0,6,0,0,0,0,0,5,0,0,0,0,0,6,0,0,1,0,0,10,0,0,0,0,0,2,0,0,0,0,0,0,0,0,0,0,0,2,0,0,0,0,0,2,0,0,2,2,0,0,0,0,0,0,0,0,0,0,14,4,0,1,0,0,0,0,0,0,0,0,6,0,0,0,0,0,0,0,0,0,0,0,1,2,0,0,0,0,0,0,0,0,0,0,10,4,0,1,0,0,0,0,0,0,0,0,6,0,0,0,0,0,0,0,0,0,0,0,1,2,0,0,0,0,0,0,0,0,0,0,10,4,0,1,0,0,0,0,0,0,0,0,4,0,0,0,0,0,0,0,0,0,0,0,0,0,0,0,0,0,0,0,0,0,0,0,0,0,0,0,0,0,0,0,0,0,0,0,0,0,0,0,0,0,0,0,0,0,0,0,0,0,0,0,0,0,0,0,0,0,0,0,0,0,0,0,0,0,0,0,0,0,0,0,0,0,0,0,0,0,0,0,0,0,0,0,0,0,0,0,0,0,0,0,0,0,0,0,0,0,0,0,0,0,0,0,0,0,0,0,0,0,0,0,0,0,0,0,0,0,0,0,0,0,0,0,0,0,0,0,0,0,0,0,0,0,0,0,0,0,0,0,0,0,0,0,0,0,0,0,0,0,0,0,0,0,0,0
2015020208,2,2015-11-07,14.733333333333333,3.2,0.11666666666666667,0,0,0,4,1,0,0,0,0,13,1,1,2,0,0,12,2,0,1,0,0,6,1,0,0,0,0,0,0,0,0,1,0,0,1,0,0,0,0,6,0,0,0,0,0,2,0,0,1,4,0,0,0,0,0,0,0,0,0,0,8,6,0,2,0,0,0,0,0,0,0,0,13,1,0,1,0,0,2,0,0,0,0,0,1,2,0,0,0,0,0,0,0,0,0,0,6,4,0,2,0,0,0,0,0,0,0,0,7,1,0,1,0,0,2,0,0,0,0,0,0,2,0,0,0,0,0,0,0,0,0,0,3,4,0,2,0,0,0,0,0,0,0,0,5,1,0,1,0,0,2,0,0,0,0,0,0,0,0,0,0,0,0,0,0,0,0,0,0,1,0,0,0,0,0,0,0,0,0,0,0,0,0,0,0,0,0,0,0,0,0,0,0,1,0,0,0,0,0,0,0,0,0,0,0,1,0,0,0,0,0,0,0,0,0,0,0,0,0,0,0,0,0,0,0,0,0,0,0,0,0,0,0,0,0,0,0,0,0,0,0,1,0,0,0,0,0,0,0,0,0,0,0,0,0,0,0,0,0,0,0,0,0,0,0,0,0,0,0,0,0,0,0,0,0,0,0,0,0,0,0,0,0,0,0,0,0,0,2,0,0,0,0,0,0,0,0,0,0,0
2015020217,2,2015-11-10,15.35,2.3333333333333335,0,0,0,0,4,1,0,0,0,0,11,2,0,0,0,0,7,0,0,0,1,0,4,1,0,0,0,0,1,1,0,1,1,0,2,1,0,0,0,0,0,0,0,0,0,0,6,0,0,2,1,0,0,0,0,0,0,0,0,0,0,8,5,0,1,0,0,0,1,0,0,0,0,19,1,0,0,0,0,0,0,0,0,0,1,1,1,0,0,0,0,0,0,0,0,0,0,6,5,0,1,0,0,0,1,0,0,0,0,15,1,0,0,0,0,0,0,0,0,0,1,1,1,0,0,0,0,0,0,0,0,0,0,4,4,0,1,0,0,0,1,0,0,0,0,11,1,0,0,0,0,0,0,0,0,0,1,0,0,0,0,0,0,0,0,0,0,0,0,1,0,0,0,0,0,0,0,0,0,0,0,0,0,0,0,0,0,0,0,0,0,0,0,0,0,0,0,0,0,0,0,0,0,0,0,1,0,0,0,0,0,0,0,0,0,0,0,0,0,0,0,0,0,0,0,0,0,0,0,1,0,0,0,0,0,0,0,0,0,0,0,1,0,0,0,0,0,0,0,0,0,0,0,0,0,0,0,0,0,0,0,0,0,0,0,0,0,0,0,0,0,0,0,0,0,0,0,0,1,0,0,0,0,0,0,0,0,0,0,1,0,0,0,0,0,0,0,0,0,0,0
2015020231,2,2015-11-12,12.7,0.9166666666666666,0,0,0,0,6,0,0,0,0,0,8,1,0,0,0,0,7,0,0,1,0,0,7,0,0,0,0,0,0,0,0,1,0,0,3,0,0,0,0,0,2,0,0,2,0,0,4,0,0,1,0,0,0,0,0,0,0,0,0,0,0,9,1,0,1,0,0,0,0,0,0,0,0,11,0,0,1,0,0,1,0,0,1,0,0,1,0,0,0,0,0,0,0,0,0,0,0,5,1,0,1,0,0,0,0,0,0,0,0,9,0,0,1,0,0,1,0,0,1,0,0,1,0,0,0,0,0,0,0,0,0,0,0,3,1,0,1,0,0,0,0,0,0,0,0,5,0,0,1,0,0,1,0,0,1,0,0,0,0,0,0,0,0,0,0,0,0,0,0,2,0,0,0,0,0,0,0,0,0,0,0,0,0,0,0,0,0,1,0,0,0,0,0,0,0,0,0,0,0,0,0,0,0,0,0,2,0,0,0,0,0,0,0,0,0,0,0,0,0,0,0,0,0,1,0,0,0,0,0,0,0,0,0,0,0,0,0,0,0,0,0,2,0,0,0,0,0,0,0,0,0,0,0,0,0,0,0,0,0,1,0,0,0,0,0,0,0,0,0,0,0,0,0,0,0,0,0,0,0,0,0,0,0,0,0,0,0,0,0,2,0,0,0,0,0,0,0,0,0,0,0
2015020246,2,2015-11-14,15.783333333333333,1.4,0,0,0,0,7,0,0,0,0,0,5,1,0,1,0,0,13,0,0,1,0,0,14,1,0,0,0,0,1,0,0,0,0,0,2,0,0,2,0,0,9,0,2,0,0,0,4,0,15,3,0,0,1,0,0,0,0,0,0,0,0,9,1,0,3,0,0,0,0,0,0,0,0,7,0,0,0,0,0,0,0,0,0,0,0,3,0,0,0,0,0,0,0,0,0,0,0,6,1,0,1,0,0,0,0,0,0,0,0,7,0,0,0,0,0,0,0,0,0,0,0,3,0,0,0,0,0,0,0,0,0,0,0,5,1,0,1,0,0,0,0,0,0,0,0,3,0,0,0,0,0,0,0,0,0,0,0,0,0,0,0,0,0,0,0,0,0,0,0,0,1,0,0,0,0,0,0,0,0,0,0,0,0,0,0,0,0,0,0,0,0,0,0,0,0,0,0,0,0,0,0,0,0,0,0,0,1,0,0,0,0,0,0,0,0,0,0,0,0,0,0,0,0,0,0,0,0,0,0,0,1,0,0,0,0,0,0,0,0,0,0,0,1,0,0,0,0,0,0,0,0,0,0,0,0,0,0,0,0,0,0,0,0,0,0,0,0,0,0,0,0,0,0,0,0,0,0,0,0,0,0,0,0,0,0,0,0,0,0,0,0,0,0,0,0,0,0,0,0,0,0
2015020259,2,2015-11-15,14.866666666666667,1.6166666666666667,0,0,0,0,11,0,0,0,0,0,9,1,0,0,0,0,6,0,0,0,0,0,2,0,0,0,0,0,2,0,0,1,0,0,4,0,0,0,0,0,0,0,0,0,0,0,2,0,0,1,0,0,0,0,0,0,0,0,0,0,0,12,1,0,0,0,0,1,0,0,0,0,0,11,0,0,0,0,0,1,0,0,0,0,0,1,0,0,0,0,0,0,0,0,0,0,0,10,1,0,0,0,0,1,0,0,0,0,0,8,0,0,0,0,0,1,0,0,0,0,0,1,0,0,0,0,0,0,0,0,0,0,0,5,0,0,0,0,0,1,0,0,0,0,0,5,0,0,0,0,0,1,0,0,0,0,0,0,0,0,0,0,0,0,0,0,0,0,0,0,0,0,0,0,0,0,0,0,0,0,0,1,0,0,0,0,0,1,0,0,0,0,0,0,0,0,0,0,0,0,0,0,0,0,0,0,0,0,0,0,0,0,0,0,0,0,0,1,0,0,0,0,0,1,0,0,0,0,0,0,0,0,0,0,0,0,0,0,0,0,0,0,0,0,0,0,0,0,0,0,0,0,0,0,0,0,0,0,0,1,0,0,0,0,0,0,0,0,0,0,0,0,0,0,0,0,0,1,0,0,0,0,0,0,0,0,0,0,0,1,0,0,0,0,0,0,0,0,0,0,0
2015020284,2,2015-11-19,15.95,1.9833333333333334,0,0,0,0,4,0,0,0,0,0,7,2,0,1,0,0,7,0,0,2,0,0,8,0,0,1,0,0,1,0,0,1,0,0,1,0,0,0,0,0,4,0,0,0,0,0,4,0,0,7,0,0,0,0,0,0,0,0,0,0,0,14,5,0,0,0,0,0,1,0,0,0,0,9,1,0,2,0,0,0,0,0,0,0,0,5,0,0,0,0,0,0,0,0,0,0,0,10,4,0,0,0,0,0,1,0,0,0,0,5,0,0,2,0,0,0,0,0,0,0,0,4,0,0,0,0,0,0,0,0,0,0,0,7,2,0,0,0,0,0,1,0,0,0,0,5,0,0,2,0,0,0,0,0,0,0,0,0,0,0,0,0,0,0,0,0,0,0,0,0,0,0,0,0,0,0,0,0,0,0,0,0,0,0,1,0,0,0,0,0,0,0,0,0,0,0,0,0,0,0,0,0,0,0,0,0,0,0,0,0,0,0,0,0,0,0,0,0,0,0,1,0,0,0,0,0,0,0,0,0,0,0,0,0,0,0,0,0,0,0,0,0,0,0,0,0,0,0,0,0,0,0,0,0,0,0,0,0,0,0,0,0,0,0,0,0,0,0,0,0,0,0,0,0,0,0,0,0,1,0,0,0,0,0,0,0,0,0,0,0,0,0,0,0,0,0,0,0,0,0,0
2015020296,2,2015-11-21,11.566666666666666,1.1666666666666667,0.2,0,0,0,7,2,0,0,0,0,8,1,0,0,0,0,5,1,0,0,0,0,4,0,0,0,0,0,1,0,0,0,0,0,0,0,0,0,0,0,2,0,0,0,0,0,2,0,0,0,1,0,0,0,0,0,0,0,0,0,0,10,2,0,0,0,0,0,0,0,0,0,0,10,1,1,1,0,0,0,0,0,0,0,0,0,1,0,0,0,0,0,0,0,0,0,0,10,1,0,0,0,0,0,0,0,0,0,0,9,1,1,1,0,0,0,0,0,0,0,0,0,1,0,0,0,0,0,0,0,0,0,0,7,1,0,0,0,0,0,0,0,0,0,0,6,0,1,0,0,0,0,0,0,0,0,0,0,0,0,0,0,0,0,0,0,0,0,0,0,0,0,0,0,0,0,0,0,0,0,0,0,0,0,0,0,0,0,0,0,0,0,0,0,0,0,0,0,0,0,0,0,0,0,0,0,0,0,0,0,0,0,0,0,0,0,0,0,0,0,0,0,0,0,0,0,0,0,0,0,0,0,0,0,0,0,0,0,0,0,0,0,0,0,0,0,0,0,0,0,0,0,0,0,0,0,0,0,0,0,0,0,0,0,0,0,0,0,0,0,0,0,0,0,0,0,0,1,0,0,0,0,0,0,0,0,0,0,0,0,0,0,0,0,0,0,0,0,0,0,0
2015020309,2,2015-11-23,15.716666666666667,2.0833333333333335,0,0,0,0,5,2,0,0,0,0,8,0,0,0,0,0,8,0,0,1,0,0,8,0,0,0,0,0,3,0,0,0,0,0,1,0,0,2,0,0,12,0,0,2,0,0,6,0,0,1,0,0,0,0,0,0,0,0,0,0,0,8,2,0,2,0,0,0,0,0,0,0,0,20,1,0,0,0,0,1,0,0,0,0,0,0,0,0,0,0,0,0,0,0,0,0,0,4,1,0,1,0,0,0,0,0,0,0,0,13,1,0,0,0,0,1,0,0,0,0,0,0,0,0,0,0,0,0,0,0,0,0,0,2,1,0,1,0,0,0,0,0,0,0,0,8,1,0,0,0,0,1,0,0,0,0,0,0,0,0,0,0,0,0,0,0,0,0,0,0,1,0,1,0,0,0,0,0,0,0,0,0,0,0,0,0,0,0,0,0,0,0,0,0,1,0,0,0,0,0,0,0,0,0,0,0,1,0,0,0,0,0,0,0,0,0,0,0,0,0,0,0,0,0,0,0,0,0,0,0,0,0,0,0,0,0,0,0,0,0,0,0,1,0,0,0,0,0,0,0,0,0,0,0,0,0,0,0,0,0,0,0,0,0,0,0,0,0,0,0,0,0,0,0,0,0,0,0,0,0,0,0,0,0,0,0,0,0,0,1,0,0,0,0,0,0,0,0,0,0,0
2015020320,2,2015-11-25,16.266666666666666,5.316666666666666,0,0,0,0,13,1,0,0,0,0,9,2,0,2,0,0,6,1,0,0,0,0,3,0,0,0,0,0,2,1,0,1,0,0,3,3,0,0,0,0,6,0,0,0,0,0,4,0,0,4,2,0,0,0,0,0,0,0,0,0,0,13,8,0,0,1,0,0,0,0,0,0,0,13,2,0,0,0,0,1,0,0,0,0,0,2,2,0,0,0,0,0,0,0,0,0,0,10,6,0,0,0,0,0,0,0,0,0,0,11,2,0,0,0,0,1,0,0,0,0,0,1,2,0,0,0,0,0,0,0,0,0,0,7,5,0,0,0,0,0,0,0,0,0,0,6,1,0,0,0,0,1,0,0,0,0,0,0,0,0,0,0,0,0,0,0,0,0,0,0,0,0,0,0,0,0,0,0,0,0,0,0,0,0,0,0,0,1,0,0,0,0,0,0,0,0,0,0,0,0,0,0,0,0,0,0,0,0,0,0,0,0,0,0,0,0,0,0,0,0,0,0,0,1,0,0,0,0,0,0,0,0,0,0,0,0,0,0,0,0,0,0,0,0,0,0,0,0,0,0,0,0,0,0,0,0,0,0,0,1,0,0,0,0,0,0,0,0,0,0,0,0,0,0,0,0,0,0,0,0,0,0,0,0,0,0,0,0,0,1,0,0,0,0,0,0,0,0,0,0,0
2015020330,2,2015-11-27,17.233333333333334,3.183333333333333,0,0,0,0,5,3,0,0,0,0,9,1,0,0,0,0,11,0,0,1,0,0,12,1,0,1,0,0,3,0,0,0,0,0,2,1,0,0,0,0,5,0,0,0,0,0,2,0,15,3,2,0,1,0,0,0,1,0,0,0,0,10,5,0,3,0,0,0,1,0,1,0,0,11,0,0,0,0,0,1,0,0,0,0,0,2,2,0,1,0,0,0,0,0,0,0,0,8,5,0,3,0,0,0,0,0,0,0,0,10,0,0,0,0,0,1,0,0,0,0,0,2,2,0,1,0,0,0,0,0,0,0,0,5,4,0,2,0,0,0,0,0,0,0,0,7,0,0,0,0,0,0,0,0,0,0,0,0,0,0,0,0,0,0,0,0,0,0,0,0,1,0,1,0,0,0,0,0,0,0,0,0,0,0,0,0,0,0,0,0,0,0,0,0,1,0,0,0,0,0,0,0,0,0,0,0,1,0,1,0,0,0,0,0,0,0,0,0,0,0,0,0,0,0,0,0,0,0,0,0,0,0,0,0,0,0,0,0,0,0,0,0,1,0,1,0,0,0,0,0,0,0,0,0,0,0,0,0,0,0,0,0,0,0,0,0,1,0,1,0,0,0,0,0,0,0,0,0,1,0,1,0,0,0,0,0,0,0,0,1,0,0,0,0,0,0,0,0,0,0,0
2015020342,2,2015-11-28,20.9,1.1666666666666667,0,0,0,0,8,0,0,0,0,0,5,0,0,0,0,0,12,1,0,1,0,0,8,0,0,0,0,0,2,0,0,0,0,0,1,0,0,0,0,0,2,0,17,0,0,0,7,0,0,4,1,0,0,0,0,0,0,0,0,0,0,21,3,0,0,0,0,0,0,0,0,0,0,14,1,0,1,0,0,2,0,0,0,0,0,4,0,0,0,0,0,0,0,0,0,0,0,14,2,0,0,0,0,0,0,0,0,0,0,11,1,0,0,0,0,2,0,0,0,0,0,2,0,0,0,0,0,0,0,0,0,0,0,11,2,0,0,0,0,0,0,0,0,0,0,11,0,0,0,0,0,2,0,0,0,0,0,0,0,0,0,0,0,0,0,0,0,0,0,0,0,0,0,0,0,0,0,0,0,0,0,1,0,0,0,0,0,1,0,0,0,0,0,0,0,0,0,0,0,0,0,0,0,0,0,0,0,0,0,0,0,0,0,0,0,0,0,0,0,0,0,0,0,1,0,0,0,0,0,0,0,0,0,0,0,0,0,0,0,0,0,0,0,0,0,0,0,0,0,0,0,0,0,0,0,0,0,0,0,1,0,0,0,0,0,0,0,0,0,0,0,0,0,0,0,0,0,0,0,0,0,0,0,0,0,0,0,0,0,1,0,0,0,0,0,1,0,0,0,0,0
2015020356,2,2015-11-30,17.666666666666668,1.4,0.65,0,0,0,3,0,0,0,0,0,9,1,0,0,0,0,9,0,0,0,0,0,6,0,0,0,0,0,3,1,0,1,0,0,7,1,0,0,0,0,2,0,0,0,0,0,2,2,0,4,0,0,0,0,0,0,0,0,0,0,0,10,2,0,0,0,0,0,0,0,0,0,0,19,0,3,2,0,0,1,0,1,0,0,0,3,0,0,0,0,0,0,0,0,0,0,0,8,2,0,0,0,0,0,0,0,0,0,0,13,0,1,1,0,0,1,0,0,0,0,0,2,0,0,0,0,0,0,0,0,0,0,0,7,1,0,0,0,0,0,0,0,0,0,0,9,0,1,1,0,0,1,0,0,0,0,0,0,0,0,0,0,0,0,0,0,0,0,0,1,1,0,0,0,0,0,0,0,0,0,0,0,0,0,1,0,0,0,0,0,0,0,0,0,0,0,0,0,0,0,0,0,0,0,0,1,1,0,0,0,0,0,0,0,0,0,0,0,0,0,1,0,0,0,0,0,0,0,0,0,1,0,0,0,0,0,0,0,0,0,0,0,1,0,0,0,0,0,0,0,0,0,0,0,0,0,1,0,0,0,0,0,0,0,0,0,0,0,0,0,0,0,0,0,0,0,0,0,0,0,0,0,0,0,0,0,0,0,0,1,0,1,0,0,0,0,0,0,0,0,0
2015020370,2,2015-12-02,17.266666666666666,2.2666666666666666,0,0,0,0,3,1,0,0,0,0,7,0,0,0,0,0,16,1,0,1,0,0,14,0,0,0,0,0,3,0,0,2,0,0,4,0,0,2,0,0,0,0,0,4,0,0,2,0,0,3,4,0,0,0,0,1,0,0,0,0,0,20,3,0,2,0,0,1,0,0,0,0,0,15,1,0,1,0,0,0,0,0,0,0,0,3,3,0,0,0,0,1,0,0,0,0,0,12,2,0,1,0,0,1,0,0,0,0,0,8,1,0,0,0,0,0,0,0,0,0,0,2,2,0,0,0,0,1,0,0,0,0,0,9,1,0,1,0,0,1,0,0,0,0,0,6,1,0,0,0,0,0,0,0,0,0,0,0,0,0,0,0,0,0,0,0,0,0,0,0,0,0,0,0,0,0,0,0,0,0,0,0,0,0,0,0,0,0,0,0,0,0,0,0,0,0,0,0,0,0,0,0,0,0,0,0,0,0,0,0,0,0,0,0,0,0,0,0,0,0,0,0,0,0,0,0,0,0,0,0,0,0,0,0,0,0,0,0,0,0,0,0,0,0,0,0,0,0,0,0,0,0,0,0,0,0,0,0,0,0,0,0,0,0,0,0,0,0,0,0,0,0,0,0,0,0,0,1,0,0,0,0,0,0,0,0,0,0,0,0,0,0,0,0,0,0,0,0,0,0,0
2015020373,2,2015-12-03,22.083333333333332,0.23333333333333334,0,0,0,0,6,0,0,0,0,0,13,1,0,0,0,0,11,0,0,2,0,0,10,0,0,0,0,0,2,0,0,1,0,0,4,0,0,0,0,0,7,0,0,0,0,0,0,5,0,8,1,0,0,0,0,1,0,0,0,0,0,25,3,0,0,0,0,2,0,0,0,0,0,13,0,0,0,0,0,0,0,0,0,0,0,5,0,0,0,0,0,1,0,0,0,0,0,16,2,0,0,0,0,2,0,0,0,0,0,10,0,0,0,0,0,0,0,0,0,0,0,4,0,0,0,0,0,1,0,0,0,0,0,10,2,0,0,0,0,1,0,0,0,0,0,5,0,0,0,0,0,0,0,0,0,0,0,0,0,0,0,0,0,0,0,0,0,0,0,0,0,0,0,0,0,0,0,0,0,0,0,0,0,0,0,0,0,0,0,0,0,0,0,0,0,0,0,0,0,0,0,0,0,0,0,0,0,0,0,0,0,0,0,0,0,0,0,0,0,0,0,0,0,0,0,0,0,0,0,0,0,0,0,0,0,0,0,0,0,0,0,0,0,0,0,0,0,0,0,0,0,0,0,0,0,0,0,0,0,0,0,0,0,0,0,1,0,0,0,0,0,1,0,0,0,0,0,1,0,0,0,0,0,1,0,0,0,0,0,0,0,0,0,0,0,0,0,0,0,0,0
2015020401,2,2015-12-06,19.133333333333333,0.7333333333333333,0,0,0,0,11,0,0,0,0,0,6,0,0,0,0,0,11,0,0,1,0,0,12,0,0,0,0,0,2,0,0,1,0,0,6,0,0,0,0,0,2,0,0,0,0,0,4,0,0,3,1,0,0,0,0,0,0,0,0,0,0,18,4,0,1,0,0,0,0,0,0,0,0,16,0,0,2,0,0,3,0,0,0,0,0,3,1,0,0,0,0,0,0,0,0,0,0,15,3,0,1,0,0,0,0,0,0,0,0,9,0,0,2,0,0,3,0,0,0,0,0,2,0,0,0,0,0,0,0,0,0,0,0,10,1,0,1,0,0,0,0,0,0,0,0,5,0,0,1,0,0,0,0,0,0,0,0,0,0,0,0,0,0,0,0,0,0,0,0,0,1,0,0,0,0,0,0,0,0,0,0,0,0,0,0,0,0,0,0,0,0,0,0,0,1,0,0,0,0,0,0,0,0,0,0,0,1,0,0,0,0,0,0,0,0,0,0,0,0,0,0,0,0,0,0,0,0,0,0,0,0,0,0,0,0,0,0,0,0,0,0,0,1,0,0,0,0,0,0,0,0,0,0,0,0,0,0,0,0,0,0,0,0,0,0,0,0,0,0,0,0,0,0,0,0,0,0,0,0,0,0,0,0,0,0,0,0,0,0,1,0,0,1,0,0,1,0,0,0,0,0
2015020420,2,2015-12-09,17.45,3.85,0,0,0,0,9,3,0,0,0,0,6,1,0,0,0,0,0,1,0,0,0,0,2,0,0,0,0,0,0,1,0,1,1,0,2,1,0,0,0,0,2,0,0,0,0,0,0,2,0,6,1,0,0,0,0,2,0,0,0,0,0,25,5,0,0,0,0,4,0,0,0,0,0,10,0,0,2,0,0,0,0,0,0,0,0,2,0,0,0,0,0,1,0,0,0,0,0,18,3,0,0,0,0,3,0,0,0,0,0,6,0,0,2,0,0,0,0,0,0,0,0,1,0,0,0,0,0,1,0,0,0,0,0,12,2,0,0,0,0,2,0,0,0,0,0,5,0,0,2,0,0,0,0,0,0,0,0,0,0,0,0,0,0,0,0,0,0,0,0,0,0,0,0,0,0,0,0,0,0,0,0,0,0,0,0,0,0,0,0,0,0,0,0,0,0,0,0,0,0,0,0,0,0,0,0,0,0,0,0,0,0,0,0,0,0,0,0,0,0,0,0,0,0,0,0,0,0,0,0,0,0,0,0,0,0,0,0,0,0,0,0,0,0,0,0,0,0,0,0,0,0,0,0,0,0,0,0,0,0,0,0,0,0,0,0,2,0,0,0,0,0,0,0,0,0,0,0,5,0,0,0,0,0,0,0,0,0,0,0,0,0,0,0,0,0,0,0,0,0,0,0
2015020432,2,2015-12-11,20.633333333333333,0.8333333333333334,0.08333333333333333,0,0,0,9,0,0,0,0,0,12,1,0,0,0,0,12,0,0,0,0,0,8,0,0,0,0,0,4,0,0,0,0,0,3,0,0,0,0,0,0,0,0,0,0,0,2,0,0,1,2,0,1,0,0,0,0,0,0,0,0,20,2,0,2,1,0,1,0,0,0,0,0,10,0,0,0,0,0,0,0,0,0,0,0,1,2,0,0,0,0,0,0,0,0,0,0,15,2,0,1,1,0,1,0,0,0,0,0,8,0,0,0,0,0,0,0,0,0,0,0,1,2,0,0,0,0,0,0,0,0,0,0,11,2,0,1,0,0,1,0,0,0,0,0,6,0,0,0,0,0,0,0,0,0,0,0,0,0,0,0,0,0,0,0,0,0,0,0,1,0,0,0,0,0,1,0,0,0,0,0,1,0,0,0,0,0,0,0,0,0,0,0,0,0,0,0,0,0,0,0,0,0,0,0,1,0,0,0,0,0,1,0,0,0,0,0,0,0,0,0,0,0,0,0,0,0,0,0,0,0,0,0,0,0,1,0,0,0,0,0,1,0,0,0,0,0,1,0,0,0,0,0,0,0,0,0,0,0,0,0,0,0,0,0,0,0,0,0,0,0,0,0,0,0,0,0,1,0,0,0,0,0,0,0,0,0,0,0,0,0,0,0,0,0,0,0,0,0,0,0
2015020443,2,2015-12-12,17.9,2.966666666666667,0,0,0,0,9,3,0,0,0,0,10,0,0,0,0,0,3,0,0,0,0,0,1,0,0,0,0,0,1,0,0,0,0,0,2,1,0,0,0,0,2,0,0,0,0,0,2,0,0,4,1,0,0,0,0,0,0,0,0,0,0,16,5,0,1,0,0,1,0,0,1,0,0,8,0,0,2,0,0,1,0,0,0,0,0,3,1,0,0,0,0,0,0,0,0,0,0,8,4,0,1,0,0,0,0,0,1,0,0,7,0,0,1,0,0,1,0,0,0,0,0,1,1,0,0,0,0,0,0,0,0,0,0,7,3,0,1,0,0,0,0,0,1,0,0,5,0,0,1,0,0,1,0,0,0,0,0,0,0,0,0,0,0,0,0,0,0,0,0,0,1,0,0,0,0,0,0,0,1,0,0,0,0,0,1,0,0,1,0,0,0,0,0,0,0,0,0,0,0,0,0,0,0,0,0,0,1,0,0,0,0,0,0,0,1,0,0,0,0,0,0,0,0,1,0,0,0,0,0,0,0,0,0,0,0,0,0,0,0,0,0,0,1,0,0,0,0,0,0,0,0,0,0,0,0,0,0,0,0,1,0,0,0,0,0,0,0,0,0,0,0,0,0,0,0,0,0,1,0,0,1,0,0,0,0,0,0,0,0,0,0,0,1,0,0,0,0,0,0,0,0
2015020455,2,2015-12-15,12.633333333333333,3.9166666666666665,0,0,0,0,7,1,0,0,0,0,5,3,0,0,0,0,4,0,0,2,0,0,6,0,0,1,0,0,2,0,0,1,1,0,4,3,0,0,0,0,4,2,0,0,0,0,2,0,0,3,2,0,0,0,0,0,0,0,0,0,0,7,5,0,0,0,0,0,0,0,0,0,0,7,0,0,1,0,0,0,0,0,0,0,0,1,0,0,0,0,0,0,0,0,0,0,0,5,1,0,0,0,0,0,0,0,0,0,0,4,0,0,1,0,0,0,0,0,0,0,0,1,0,0,0,0,0,0,0,0,0,0,0,4,1,0,0,0,0,0,0,0,0,0,0,0,0,0,1,0,0,0,0,0,0,0,0,0,0,0,0,0,0,0,0,0,0,0,0,2,0,0,0,0,0,0,0,0,0,0,0,0,0,0,0,0,0,0,0,0,0,0,0,2,0,0,0,0,0,0,0,0,0,0,0,2,0,0,0,0,0,0,0,0,0,0,0,0,0,0,0,0,0,0,0,0,0,0,0,0,0,0,0,0,0,0,0,0,0,0,0,2,0,0,0,0,0,0,0,0,0,0,0,0,0,0,0,0,0,0,0,0,0,0,0,0,0,0,0,0,0,0,0,0,0,0,0,0,0,0,0,0,0,0,0,0,0,0,0,0,0,0,0,0,0,0,0,0,0,0,0
2015020472,2,2015-12-17,18.616666666666667,2.7666666666666666,0.16666666666666666,0,0,0,8,1,0,0,0,0,10,0,0,0,0,0,7,0,0,0,0,0,7,0,0,0,0,0,1,0,0,0,0,0,3,1,0,0,0,0,0,0,0,0,0,0,2,0,0,2,2,0,0,0,0,0,0,0,0,0,0,12,4,0,1,0,0,1,0,0,0,0,0,15,1,0,1,0,0,1,0,0,0,0,0,1,1,0,0,0,0,0,0,0,0,0,0,7,3,0,0,0,0,1,0,0,0,0,0,13,1,0,1,0,0,1,0,0,0,0,0,1,0,0,0,0,0,0,0,0,0,0,0,6,2,0,0,0,0,1,0,0,0,0,0,9,0,0,1,0,0,1,0,0,0,0,0,0,0,0,0,0,0,0,0,0,0,0,0,0,0,0,0,0,0,0,0,0,0,0,0,1,0,0,0,0,0,1,0,0,0,0,0,0,0,0,0,0,0,0,0,0,0,0,0,0,0,0,0,0,0,0,0,0,0,0,0,1,0,0,0,0,0,1,0,0,0,0,0,0,0,0,0,0,0,0,0,0,0,0,0,0,0,0,0,0,0,0,0,0,0,0,0,1,0,0,0,0,0,1,0,0,0,0,0,0,0,0,0,0,0,0,0,0,0,0,0,1,0,0,0,0,0,0,0,0,0,0,0,1,0,0,0,0,0,0,0,0,0,0,0
2015020482,2,2015-12-18,19,1.6833333333333333,0,0,0,0,6,1,0,0,0,0,10,2,0,2,0,0,11,0,0,1,0,0,4,0,0,0,0,0,3,0,0,1,0,0,2,0,0,0,0,0,2,0,2,2,0,0,6,0,0,4,0,0,1,0,0,0,0,0,0,0,0,25,1,0,3,1,0,2,0,0,0,0,0,17,1,0,0,0,0,1,0,0,0,0,0,2,0,0,1,0,0,0,0,0,0,0,0,15,1,0,3,1,0,2,0,0,0,0,0,13,1,0,0,0,0,1,0,0,0,0,0,1,0,0,0,0,0,0,0,0,0,0,0,11,0,0,1,1,0,2,0,0,0,0,0,10,0,0,0,0,0,1,0,0,0,0,0,0,0,0,0,0,0,0,0,0,0,0,0,0,0,0,0,0,0,1,0,0,0,0,0,2,0,0,0,0,0,0,0,0,0,0,0,0,0,0,0,0,0,0,0,0,0,0,0,0,0,0,0,0,0,1,0,0,0,0,0,2,0,0,0,0,0,0,0,0,0,0,0,0,0,0,0,0,0,1,0,0,0,0,0,0,0,0,0,0,0,1,0,0,0,0,0,1,0,0,0,0,0,0,0,0,0,0,0,0,0,0,0,0,0,0,0,0,0,0,0,2,0,0,0,0,0,0,0,0,0,0,0,1,0,0,0,0,0,0,0,0,0,0,0
2015020497,2,2015-12-20,15.733333333333333,3.25,0,0,0,0,8,2,0,0,0,0,7,1,0,0,0,0,4,0,0,0,0,0,11,0,0,0,0,0,4,0,0,1,0,0,2,2,0,0,0,0,2,0,0,0,0,0,4,0,0,2,1,0,0,0,0,0,0,0,0,0,0,10,2,0,0,0,0,0,0,0,0,0,0,13,2,0,1,0,0,1,0,0,0,0,0,1,0,0,0,0,0,0,0,0,0,0,0,6,1,0,0,0,0,0,0,0,0,0,0,9,2,0,1,0,0,1,0,0,0,0,0,1,0,0,0,0,0,0,0,0,0,0,0,4,1,0,0,0,0,0,0,0,0,0,0,4,2,0,0,0,0,1,0,0,0,0,0,0,0,0,0,0,0,0,0,0,0,0,0,0,0,0,0,0,0,0,0,0,0,0,0,0,1,0,0,0,0,1,0,0,0,0,0,0,0,0,0,0,0,0,0,0,0,0,0,0,0,0,0,0,0,0,0,0,0,0,0,0,1,0,0,0,0,1,0,0,0,0,0,1,0,0,0,0,0,0,0,0,0,0,0,0,0,0,0,0,0,0,0,0,0,0,0,0,0,0,0,0,0,1,0,0,0,0,0,0,0,0,0,0,0,0,0,0,0,0,0,0,0,0,0,0,0,0,0,0,0,0,0,1,0,0,0,0,0,0,0,0,0,0,0
2015020508,2,2015-12-22,16.4,3.816666666666667,0,0,0,0,7,1,0,0,0,0,16,1,1,0,0,0,8,0,1,2,0,0,7,1,0,0,0,0,2,2,0,0,1,0,1,4,0,2,0,0,11,0,0,0,0,0,6,5,0,1,2,0,1,0,0,0,0,0,1,0,0,11,3,0,3,0,0,0,0,0,1,0,0,12,1,1,1,0,1,0,0,0,1,0,0,1,1,0,1,0,0,0,0,0,0,0,0,8,2,0,3,0,0,0,0,0,0,0,0,8,1,0,1,0,1,0,0,0,1,0,0,1,1,0,0,0,0,0,0,0,0,0,0,7,2,0,1,0,0,0,0,0,0,0,0,6,0,0,1,0,1,0,0,0,1,0,0,0,0,0,0,0,0,0,0,0,0,0,0,0,0,0,1,0,0,0,0,0,0,0,0,0,0,0,0,0,0,0,0,0,0,0,0,0,0,0,0,0,0,0,0,0,0,0,0,0,0,0,0,0,0,0,0,0,0,0,0,0,0,0,0,0,0,0,0,0,0,0,0,0,0,0,0,0,0,0,0,0,0,0,0,0,0,0,0,0,0,0,0,0,0,0,0,0,0,0,0,0,0,0,0,0,0,0,0,0,0,0,0,0,0,0,0,0,0,0,0,1,0,0,0,0,0,0,0,0,0,0,0,0,0,0,1,0,0,0,0,0,0,0,0
2015020537,2,2015-12-28,19.833333333333332,1.2166666666666666,0,0,0,0,7,0,0,0,0,0,16,0,0,0,0,0,3,0,0,0,0,0,6,0,0,0,0,0,1,0,0,1,0,0,2,0,0,0,0,0,0,0,0,0,0,0,2,0,0,2,1,0,0,0,0,0,0,0,0,0,0,9,3,0,1,0,0,0,0,0,0,0,0,19,0,0,2,0,0,1,0,0,0,0,0,2,1,0,0,0,0,0,0,0,0,0,0,8,3,0,1,0,0,0,0,0,0,0,0,12,0,0,1,0,0,0,0,0,0,0,0,1,0,0,0,0,0,0,0,0,0,0,0,7,2,0,1,0,0,0,0,0,0,0,0,9,0,0,0,0,0,0,0,0,0,0,0,0,0,0,0,0,0,0,0,0,0,0,0,0,0,0,1,0,0,0,0,0,0,0,0,1,0,0,0,0,0,0,0,0,0,0,0,0,0,0,0,0,0,0,0,0,0,0,0,0,0,0,0,0,0,0,0,0,0,0,0,1,0,0,0,0,0,0,0,0,0,0,0,0,0,0,0,0,0,0,0,0,0,0,0,0,0,0,0,0,0,0,0,0,0,0,0,1,0,0,0,0,0,0,0,0,0,0,0,0,0,0,0,0,0,0,0,0,0,0,0,0,0,0,0,0,0,0,0,0,0,0,0,0,0,0,1,0,0,0,0,0,0,0,0
2015020554,2,2015-12-30,11.7,1.65,0.38333333333333336,0,0,0,7,0,0,0,0,0,6,1,0,1,1,0,5,1,0,2,0,0,3,0,0,0,0,0,0,0,0,0,0,0,0,0,0,0,0,0,0,0,2,0,0,0,0,2,0,3,0,0,0,0,0,0,1,0,0,0,0,12,2,0,0,0,0,0,2,0,0,0,0,7,0,0,0,1,0,0,0,0,0,0,0,2,0,0,0,0,0,0,1,0,0,0,0,8,2,0,0,0,0,0,2,0,0,0,0,6,0,0,0,0,0,0,0,0,0,0,0,2,0,0,0,0,0,0,1,0,0,0,0,6,1,0,0,0,0,0,2,0,0,0,0,3,0,0,0,0,0,0,0,0,0,0,0,0,0,0,0,0,0,0,0,0,0,0,0,2,0,0,0,0,0,0,0,0,0,0,0,0,0,0,0,0,0,0,0,0,0,0,0,1,0,0,0,0,0,0,0,0,0,0,0,2,0,0,0,0,0,0,0,0,0,0,0,0,0,0,0,0,0,0,0,0,0,0,0,0,0,0,0,0,0,0,0,0,0,0,0,1,0,0,0,0,0,0,0,0,0,0,0,0,0,0,0,0,0,0,0,0,0,0,0,0,0,0,0,0,0,0,0,0,0,0,0,0,1,0,0,0,0,0,1,0,0,0,0,0,0,0,0,0,0,0,0,0,0,0,0
2015020572,2,2016-01-02,17.283333333333335,4.3,0.4166666666666667,0,0,0,9,2,0,0,0,0,5,4,0,2,0,0,12,0,0,2,0,0,7,2,0,0,0,0,2,1,0,0,0,0,0,0,0,2,0,0,6,0,0,2,0,0,6,0,0,5,4,0,0,0,0,0,0,0,0,0,0,19,7,0,1,0,0,1,0,0,1,0,0,9,1,0,1,0,0,0,0,0,0,0,0,4,3,0,0,0,0,0,0,0,0,0,0,15,5,0,1,0,0,1,0,0,1,0,0,7,1,0,1,0,0,0,0,0,0,0,0,2,2,0,0,0,0,0,0,0,0,0,0,8,4,0,1,0,0,0,0,0,1,0,0,3,1,0,0,0,0,0,0,0,0,0,0,0,0,0,0,0,0,0,0,0,0,0,0,0,0,0,0,0,0,0,0,0,0,0,0,0,0,0,0,0,0,0,0,0,0,0,0,0,0,0,0,0,0,0,0,0,0,0,0,0,0,0,0,0,0,0,0,0,0,0,0,0,0,0,0,0,0,0,0,0,0,0,0,0,0,0,0,0,0,0,0,0,0,0,0,0,0,0,0,0,0,0,0,0,0,0,0,0,0,0,0,0,0,0,0,0,0,0,0,0,0,0,0,0,0,0,0,0,0,0,0,1,0,0,1,0,0,0,0,0,0,0,0,0,0,0,0,0,0,0,0,0,0,0,0
2015020590,2,2016-01-05,14.916666666666666,2.433333333333333,0,0,0,0,7,2,0,0,0,0,6,1,0,1,0,0,8,1,0,0,0,0,4,0,0,0,0,0,2,0,0,2,1,0,5,1,0,0,0,0,0,0,0,0,0,0,2,0,0,1,3,0,0,0,0,0,0,0,1,0,0,8,5,0,0,0,0,2,0,0,1,0,0,10,0,0,1,0,0,0,0,0,0,0,0,1,2,0,0,0,0,0,0,0,1,0,0,5,4,0,0,0,0,2,0,0,1,0,0,6,0,0,1,0,0,0,0,0,0,0,0,1,2,0,0,0,0,0,0,0,1,0,0,4,3,0,0,0,0,2,0,0,1,0,0,5,0,0,1,0,0,0,0,0,0,0,0,0,0,0,0,0,0,0,0,0,1,0,0,0,0,0,0,0,0,1,0,0,1,0,0,1,0,0,0,0,0,0,0,0,0,0,0,0,0,0,0,0,0,0,0,0,0,0,0,0,0,0,0,0,0,1,0,0,0,0,0,1,0,0,0,0,0,0,0,0,0,0,0,0,0,0,0,0,0,0,0,0,0,0,0,0,0,0,0,0,0,1,0,0,0,0,0,1,0,0,0,0,0,0,0,0,0,0,0,0,0,0,0,0,0,0,0,0,0,0,0,3,0,0,0,0,0,0,0,0,0,0,0,0,0,0,0,0,0,0,0,0,0,0,0
2015020614,2,2016-01-09,15.333333333333334,2.3333333333333335,0.016666666666666666,0,0,0,5,0,0,0,0,0,6,3,0,0,0,0,5,0,0,1,0,0,3,1,0,2,1,0,5,1,0,1,0,0,4,0,0,0,0,0,0,0,0,0,0,0,2,0,0,2,0,0,0,0,0,0,0,0,0,0,0,20,4,0,0,0,0,0,0,0,0,0,0,4,0,0,4,0,0,0,0,0,0,0,0,2,0,0,0,0,0,0,0,0,0,0,0,14,2,0,0,0,0,0,0,0,0,0,0,2,0,0,4,0,0,0,0,0,0,0,0,1,0,0,0,0,0,0,0,0,0,0,0,8,0,0,0,0,0,0,0,0,0,0,0,2,0,0,3,0,0,0,0,0,0,0,0,0,0,0,0,0,0,0,0,0,0,0,0,2,0,0,0,0,0,0,0,0,0,0,0,0,0,0,0,0,0,0,0,0,0,0,0,1,0,0,0,0,0,0,0,0,0,0,0,2,0,0,0,0,0,0,0,0,0,0,0,0,0,0,0,0,0,0,0,0,0,0,0,0,0,0,0,0,0,0,0,0,0,0,0,2,0,0,0,0,0,0,0,0,0,0,0,0,0,0,0,0,0,0,0,0,0,0,0,0,0,0,0,0,0,0,0,0,0,0,0,0,0,0,0,0,0,0,0,0,0,0,0,0,0,0,0,0,0,0,0,0,0,0,0
2015020630,2,2016-01-11,17,0,0,0,0,0,7,0,0,0,0,0,7,0,0,0,0,0,10,0,0,0,0,0,5,0,0,0,0,0,2,0,0,2,0,0,5,0,0,0,0,0,0,0,0,0,0,0,2,0,0,2,0,0,0,0,0,0,0,0,0,0,0,12,0,0,1,0,0,1,0,0,0,0,0,15,0,0,3,0,0,3,0,0,0,0,0,1,0,0,0,0,0,0,0,0,0,0,0,9,0,0,1,0,0,1,0,0,0,0,0,9,0,0,2,0,0,3,0,0,0,0,0,1,0,0,0,0,0,0,0,0,0,0,0,4,0,0,1,0,0,1,0,0,0,0,0,6,0,0,2,0,0,2,0,0,0,0,0,0,0,0,0,0,0,0,0,0,0,0,0,0,0,0,0,0,0,1,0,0,0,0,0,1,0,0,0,0,0,0,0,0,0,0,0,0,0,0,0,0,0,1,0,0,0,0,0,0,0,0,0,0,0,1,0,0,0,0,0,1,0,0,0,0,0,0,0,0,0,0,0,0,0,0,0,0,0,0,0,0,0,0,0,0,0,0,0,0,0,1,0,0,0,0,0,1,0,0,0,0,0,0,0,0,0,0,0,0,0,0,0,0,0,0,0,0,0,0,0,1,0,0,0,0,0,0,0,0,0,0,0,2,0,0,0,0,0,1,0,0,0,0,0
2015020646,2,2016-01-14,18.25,3.85,0,0,0,0,9,3,0,0,0,0,8,1,0,0,0,0,14,0,0,0,0,0,9,0,0,0,0,0,4,0,0,2,0,0,3,0,0,2,0,0,6,0,2,0,0,0,2,0,0,3,3,0,0,0,0,1,0,0,0,0,0,15,9,0,2,0,0,1,0,0,1,0,0,10,0,0,2,0,0,0,0,0,0,0,0,1,3,0,0,0,0,1,0,0,0,0,0,8,9,0,2,0,0,1,0,0,1,0,0,8,0,0,2,0,0,0,0,0,0,0,0,1,3,0,0,0,0,1,0,0,0,0,0,5,7,0,0,0,0,1,0,0,0,0,0,6,0,0,2,0,0,0,0,0,0,0,0,0,0,0,0,0,0,0,0,0,0,0,0,0,0,0,0,0,0,0,0,0,0,0,0,1,0,0,1,0,0,0,0,0,0,0,0,0,0,0,0,0,0,0,0,0,0,0,0,0,0,0,0,0,0,0,0,0,0,0,0,1,0,0,1,0,0,0,0,0,0,0,0,0,0,0,0,0,0,0,0,0,0,0,0,0,0,0,0,0,0,0,0,0,0,0,0,0,0,0,0,0,0,0,0,0,0,0,0,1,0,0,0,0,0,0,0,0,0,0,0,2,0,0,0,0,0,0,0,0,0,0,0,0,0,0,0,0,0,0,0,0,0,0,0
2015020660,2,2016-01-16,14.733333333333333,3.4,0,0,0,0,3,1,0,0,0,0,5,1,0,1,0,0,10,0,0,2,0,0,12,0,0,0,0,0,1,0,0,0,0,0,1,0,0,0,0,0,4,0,0,0,0,0,0,2,0,4,0,0,0,0,0,0,0,0,0,0,0,12,5,0,1,0,0,0,1,0,0,0,0,12,0,0,3,0,0,0,0,0,0,0,0,1,0,0,0,0,0,0,0,0,0,0,0,8,3,0,1,0,0,0,0,0,0,0,0,5,0,0,1,0,0,0,0,0,0,0,0,1,0,0,0,0,0,0,0,0,0,0,0,4,3,0,1,0,0,0,0,0,0,0,0,4,0,0,1,0,0,0,0,0,0,0,0,0,0,0,0,0,0,0,0,0,0,0,0,0,1,0,0,0,0,0,0,0,0,0,0,0,0,0,0,0,0,0,0,0,0,0,0,0,0,0,0,0,0,0,0,0,0,0,0,0,1,0,0,0,0,0,0,0,0,0,0,0,0,0,0,0,0,0,0,0,0,0,0,0,0,0,0,0,0,0,0,0,0,0,0,0,1,0,0,0,0,0,0,0,0,0,0,0,0,0,0,0,0,0,0,0,0,0,0,0,0,0,0,0,0,0,0,0,0,0,0,0,1,0,0,0,0,0,0,0,0,0,0,0,0,0,0,0,0,0,0,0,0,0,0
2015020673,2,2016-01-17,15.033333333333333,4.633333333333334,0,0,0,0,6,1,0,0,0,0,12,4,0,3,0,0,10,0,0,0,0,0,8,0,0,0,0,0,1,0,0,0,1,0,1,1,0,0,0,0,0,0,0,0,0,0,2,0,0,2,1,0,1,0,0,0,0,0,0,0,0,12,6,0,3,0,0,0,0,0,0,0,0,15,1,0,0,1,0,0,0,0,0,0,0,1,1,0,1,0,0,0,0,0,0,0,0,10,5,0,2,0,0,0,0,0,0,0,0,13,0,0,0,1,0,0,0,0,0,0,0,1,0,0,1,0,0,0,0,0,0,0,0,8,1,0,1,0,0,0,0,0,0,0,0,9,0,0,0,1,0,0,0,0,0,0,0,0,0,0,0,0,0,0,0,0,0,0,0,1,0,0,0,0,0,0,0,0,0,0,0,2,0,0,0,0,0,0,0,0,0,0,0,0,0,0,0,0,0,0,0,0,0,0,0,1,0,0,0,0,0,0,0,0,0,0,0,2,0,0,0,0,0,0,0,0,0,0,0,0,0,0,0,0,0,0,0,0,0,0,0,1,0,0,0,0,0,0,0,0,0,0,0,1,0,0,0,0,0,0,0,0,0,0,0,0,0,0,0,0,0,0,0,0,0,0,0,0,0,0,0,0,0,0,0,0,0,0,0,0,0,0,0,0,0,0,0,0,0,0,0
2015020683,2,2016-01-19,22.55,1,0,0,0,0,13,0,0,0,0,0,10,1,0,0,0,0,10,0,0,0,0,0,8,0,0,0,0,0,0,0,0,3,0,0,6,0,0,0,0,0,0,0,0,0,0,0,0,0,0,1,0,0,0,0,0,0,0,0,0,0,0,19,1,0,3,0,0,0,0,0,0,0,0,10,0,0,1,0,0,0,0,0,0,0,0,1,0,0,0,0,0,0,0,0,0,0,0,17,1,0,2,0,0,0,0,0,0,0,0,8,0,0,1,0,0,0,0,0,0,0,0,0,0,0,0,0,0,0,0,0,0,0,0,10,0,0,2,0,0,0,0,0,0,0,0,6,0,0,1,0,0,0,0,0,0,0,0,0,0,0,0,0,0,0,0,0,0,0,0,1,0,0,0,0,0,0,0,0,0,0,0,0,0,0,1,0,0,0,0,0,0,0,0,1,0,0,0,0,0,0,0,0,0,0,0,1,0,0,0,0,0,0,0,0,0,0,0,0,0,0,1,0,0,0,0,0,0,0,0,0,0,0,0,0,0,0,0,0,0,0,0,1,0,0,0,0,0,0,0,0,0,0,0,0,0,0,1,0,0,0,0,0,0,0,0,0,0,0,0,0,0,0,0,0,0,0,0,0,0,0,0,0,0,0,0,0,0,0,0,0,0,0,0,0,0,0,0,0,0,0,0
2015020705,2,2016-01-22,17.25,0.95,0,0,0,0,5,1,0,0,0,0,9,1,0,2,0,0,6,0,0,1,0,0,4,1,0,0,0,0,4,0,0,1,0,0,2,1,0,0,0,0,0,0,0,0,0,0,0,0,0,2,2,0,0,0,0,0,0,0,0,0,0,14,3,0,0,0,0,0,0,0,0,0,0,19,0,0,0,0,0,1,0,0,0,0,0,2,0,0,0,0,0,0,0,0,0,0,0,14,1,0,0,0,0,0,0,0,0,0,0,15,0,0,0,0,0,1,0,0,0,0,0,1,0,0,0,0,0,0,0,0,0,0,0,8,1,0,0,0,0,0,0,0,0,0,0,11,0,0,0,0,0,0,0,0,0,0,0,1,0,0,0,0,0,0,0,0,0,0,0,2,0,0,0,0,0,0,0,0,0,0,0,0,0,0,0,0,0,0,0,0,0,0,0,0,0,0,0,0,0,0,0,0,0,0,0,1,0,0,0,0,0,0,0,0,0,0,0,0,0,0,0,0,0,0,0,0,0,0,0,0,0,0,0,0,0,0,0,0,0,0,0,1,0,0,0,0,0,0,0,0,0,0,0,0,0,0,0,0,0,0,0,0,0,0,0,0,0,0,0,0,0,0,0,0,0,0,0,0,0,0,0,0,0,0,0,0,0,0,0,1,0,0,0,0,0,0,0,0,0,0,0
2015020721,2,2016-01-24,15.566666666666666,3.35,0,0,0,0,10,4,0,0,0,0,5,2,0,0,0,0,5,1,0,0,0,0,8,1,0,0,0,0,1,0,0,1,0,0,9,0,0,0,0,0,2,0,0,0,0,0,2,0,0,1,2,0,0,0,0,0,0,0,0,0,0,6,7,0,2,0,0,0,1,0,0,0,0,17,1,0,4,0,0,0,0,0,0,0,0,1,0,0,0,0,0,0,0,0,0,0,0,5,5,0,2,0,0,0,1,0,0,0,0,12,0,0,2,0,0,0,0,0,0,0,0,0,0,0,0,0,0,0,0,0,0,0,0,3,4,0,2,0,0,0,1,0,0,0,0,8,0,0,1,0,0,0,0,0,0,0,0,0,0,0,0,0,0,0,0,0,0,0,0,0,0,0,0,0,0,0,0,0,0,0,0,0,0,0,0,0,0,0,0,0,0,0,0,0,0,0,0,0,0,0,0,0,0,0,0,0,0,0,0,0,0,0,0,0,0,0,0,0,0,0,0,0,0,0,0,0,0,0,0,0,0,0,0,0,0,0,0,0,0,0,0,0,0,0,0,0,0,0,0,0,0,0,0,0,0,0,0,0,0,0,0,0,0,0,0,0,1,0,0,0,0,0,0,0,0,0,0,0,1,0,0,0,0,0,0,0,0,0,0,0,0,0,0,0,0,0,0,0,0,0,0
2015020726,2,2016-01-25,15.183333333333334,4.883333333333334,0.08333333333333333,0,0,0,9,3,0,0,0,0,6,3,0,1,0,0,10,1,0,0,0,0,5,1,0,0,0,0,4,0,0,1,0,0,5,1,0,0,0,0,2,0,0,0,0,0,0,0,0,2,2,0,0,0,0,0,0,0,0,0,0,17,8,0,1,0,0,0,2,0,0,0,0,9,1,0,0,0,0,0,0,0,0,0,0,2,1,0,0,0,0,0,0,0,0,0,0,14,7,0,0,0,0,0,2,0,0,0,0,8,1,0,0,0,0,0,0,0,0,0,0,1,1,0,0,0,0,0,0,0,0,0,0,7,5,0,0,0,0,0,2,0,0,0,0,8,1,0,0,0,0,0,0,0,0,0,0,0,0,0,0,0,0,0,0,0,0,0,0,3,0,0,0,0,0,0,0,0,0,0,0,1,0,0,0,0,0,0,0,0,0,0,0,1,0,0,0,0,0,0,0,0,0,0,0,3,0,0,0,0,0,0,0,0,0,0,0,1,0,0,0,0,0,0,0,0,0,0,0,0,0,0,0,0,0,0,0,0,0,0,0,3,0,0,0,0,0,0,0,0,0,0,0,1,0,0,0,0,0,0,0,0,0,0,0,0,0,0,0,0,0,0,0,0,0,0,0,0,1,0,0,0,0,0,1,0,0,0,0,0,0,0,0,0,0,0,0,0,0,0,0
2015020745,2,2016-02-02,17.4,2.783333333333333,0,0,0,0,8,0,0,0,0,0,8,1,0,0,0,0,3,0,0,0,0,0,5,1,0,0,0,0,0,0,0,0,0,0,0,1,0,0,0,0,2,0,0,0,0,0,0,0,0,4,0,0,0,0,0,0,0,0,0,0,0,11,2,0,0,0,0,1,0,0,0,0,0,9,0,0,2,0,0,1,0,0,0,0,0,4,0,0,0,0,0,0,0,0,0,0,0,11,2,0,0,0,0,1,0,0,0,0,0,8,0,0,2,0,0,1,0,0,0,0,0,2,0,0,0,0,0,0,0,0,0,0,0,8,1,0,0,0,0,1,0,0,0,0,0,7,0,0,2,0,0,1,0,0,0,0,0,0,0,0,0,0,0,0,0,0,0,0,0,0,0,0,0,0,0,1,0,0,0,0,0,0,0,0,0,0,0,0,0,0,0,0,0,0,0,0,0,0,0,1,0,0,0,0,0,0,0,0,0,0,0,1,0,0,0,0,0,0,0,0,0,0,0,0,0,0,0,0,0,0,0,0,0,0,0,0,0,0,0,0,0,0,0,0,0,0,0,1,0,0,0,0,0,0,0,0,0,0,0,0,0,0,0,0,0,1,0,0,0,0,0,0,0,0,0,0,0,1,0,0,0,0,0,0,0,0,0,0,0,1,0,0,0,0,0,0,0,0,0,0,0
2015020760,2,2016-02-04,12.533333333333333,3.1333333333333333,0,0,0,0,7,2,0,0,0,0,10,1,0,1,0,0,4,0,0,0,0,0,3,0,0,0,0,0,1,0,0,0,0,0,1,2,0,0,0,0,0,0,0,0,0,0,2,0,0,1,1,0,0,0,0,1,0,0,0,0,0,12,6,0,0,0,0,1,0,0,0,0,0,7,0,0,1,0,0,1,0,0,0,0,0,1,1,0,0,0,0,1,0,0,0,0,0,9,4,0,0,0,0,1,0,0,0,0,0,7,0,0,1,0,0,1,0,0,0,0,0,0,1,0,0,0,0,1,0,0,0,0,0,6,3,0,0,0,0,1,0,0,0,0,0,5,0,0,1,0,0,0,0,0,0,0,0,0,0,0,0,0,0,0,0,0,0,0,0,0,0,0,0,0,0,0,0,0,0,0,0,0,0,0,0,0,0,0,0,0,0,0,0,0,0,0,0,0,0,0,0,0,0,0,0,0,0,0,0,0,0,0,0,0,0,0,0,0,0,0,0,0,0,0,0,0,0,0,0,0,0,0,0,0,0,0,0,0,0,0,0,0,0,0,0,0,0,0,0,0,0,0,0,0,0,0,0,0,0,0,0,0,0,0,0,0,0,0,0,0,0,0,0,0,0,0,0,1,0,0,0,0,0,0,0,0,0,0,0,1,0,0,0,0,0,0,0,0,0,0,0
2015020776,2,2016-02-06,25.666666666666668,1.8833333333333333,0,0,0,0,8,0,0,0,0,0,8,0,0,1,0,0,10,0,0,2,0,0,14,0,0,0,0,0,1,0,0,1,0,0,2,0,0,2,0,0,0,0,5,2,0,0,13,0,0,11,2,0,0,0,0,0,0,0,0,0,0,25,2,0,4,0,0,0,0,0,0,0,0,17,0,0,0,0,0,1,0,0,0,0,0,6,2,0,0,0,0,0,0,0,0,0,0,15,2,0,3,0,0,0,0,0,0,0,0,15,0,0,0,0,0,0,0,0,0,0,0,2,2,0,0,0,0,0,0,0,0,0,0,10,2,0,3,0,0,0,0,0,0,0,0,7,0,0,0,0,0,0,0,0,0,0,0,1,0,0,0,0,0,0,0,0,0,0,0,1,0,0,0,0,0,0,0,0,0,0,0,1,0,0,0,0,0,0,0,0,0,0,0,0,0,0,0,0,0,0,0,0,0,0,0,1,0,0,0,0,0,0,0,0,0,0,0,1,0,0,0,0,0,0,0,0,0,0,0,0,0,0,0,0,0,0,0,0,0,0,0,1,0,0,0,0,0,0,0,0,0,0,0,1,0,0,0,0,0,0,0,0,0,0,0,0,0,0,0,0,0,0,0,0,0,0,0,0,0,0,0,0,0,0,0,0,0,0,0,1,0,0,0,0,0,0,0,0,0,0,0
2015020790,2,2016-02-08,17.216666666666665,8.1,0,0,0,0,13,5,0,0,0,0,10,6,0,0,0,0,14,2,0,0,0,0,7,1,0,0,0,0,3,3,0,1,1,0,1,2,0,0,0,0,4,0,0,0,0,0,0,10,0,7,3,0,0,0,0,0,0,0,0,0,0,20,14,0,2,0,0,0,1,0,0,0,0,15,3,0,0,0,0,2,0,0,0,0,0,3,3,0,0,0,0,0,0,0,0,0,0,12,11,0,1,0,0,0,1,0,0,0,0,10,3,0,0,0,0,2,0,0,0,0,0,2,3,0,0,0,0,0,0,0,0,0,0,9,9,0,1,0,0,0,1,0,0,0,0,6,3,0,0,0,0,2,0,0,0,0,0,0,0,0,0,0,0,0,0,0,0,0,0,0,0,0,0,0,0,0,0,0,0,0,0,0,1,0,0,0,0,0,0,0,0,0,0,0,0,0,0,0,0,0,0,0,0,0,0,0,0,0,0,0,0,0,0,0,0,0,0,0,1,0,0,0,0,0,0,0,0,0,0,0,0,0,0,0,0,0,0,0,0,0,0,0,0,0,0,0,0,0,0,0,0,0,0,0,0,0,0,0,0,0,0,0,0,0,0,0,0,0,0,0,0,0,0,0,0,0,0,0,1,0,0,0,0,0,0,0,0,0,0,2,0,0,0,0,0,0,0,0,0,0,0
2015020807,2,2016-02-10,22.2,0.5166666666666667,0,0,0,0,10,0,0,0,0,0,12,0,0,0,0,0,17,1,0,2,0,0,8,1,0,0,0,0,0,0,0,0,0,0,2,0,0,0,0,0,0,0,0,0,0,0,2,0,0,7,0,0,2,0,0,0,0,0,0,0,0,22,0,0,2,0,0,0,0,0,0,0,0,17,1,0,0,0,0,2,0,0,0,0,0,5,0,0,2,0,0,0,0,0,0,0,0,17,0,0,2,0,0,0,0,0,0,0,0,11,1,0,0,0,0,2,0,0,0,0,0,2,0,0,1,0,0,0,0,0,0,0,0,12,0,0,1,0,0,0,0,0,0,0,0,11,1,0,0,0,0,2,0,0,0,0,0,0,0,0,0,0,0,0,0,0,0,0,0,1,0,0,0,0,0,0,0,0,0,0,0,0,0,0,0,0,0,0,0,0,0,0,0,0,0,0,0,0,0,0,0,0,0,0,0,1,0,0,0,0,0,0,0,0,0,0,0,0,0,0,0,0,0,0,0,0,0,0,0,0,0,0,0,0,0,1,0,0,0,0,0,0,0,0,0,0,0,0,0,0,0,0,0,0,0,0,0,0,0,0,0,0,0,0,0,0,0,0,0,0,0,0,0,0,0,0,0,1,0,0,0,0,0,0,0,0,0,0,0,1,0,0,0,0,0,1,0,0,0,0,0
2015020819,2,2016-02-12,24.533333333333335,0.9166666666666666,0,0,0,0,11,0,0,0,0,0,12,0,0,0,0,0,8,0,0,1,0,0,10,0,0,1,0,0,3,0,0,1,0,0,3,0,0,0,0,0,0,0,0,0,0,0,0,0,0,3,1,0,1,0,0,0,0,0,0,0,0,15,4,0,1,0,0,1,0,0,0,0,0,17,0,0,2,0,0,1,0,0,0,0,0,2,0,0,1,0,0,0,0,0,0,0,0,11,1,0,1,0,0,1,0,0,0,0,0,9,0,0,2,0,0,0,0,0,0,0,0,1,0,0,1,0,0,0,0,0,0,0,0,7,1,0,1,0,0,1,0,0,0,0,0,6,0,0,1,0,0,0,0,0,0,0,0,0,0,0,0,0,0,0,0,0,0,0,0,1,1,0,0,0,0,0,0,0,0,0,0,0,0,0,0,0,0,0,0,0,0,0,0,0,0,0,0,0,0,0,0,0,0,0,0,0,1,0,0,0,0,0,0,0,0,0,0,0,0,0,0,0,0,0,0,0,0,0,0,0,1,0,0,0,0,0,0,0,0,0,0,0,1,0,0,0,0,0,0,0,0,0,0,0,0,0,0,0,0,0,0,0,0,0,0,0,0,0,0,0,0,0,0,0,0,0,0,1,0,0,0,0,0,0,0,0,0,0,0,1,0,0,0,0,0,0,0,0,0,0,0
2015020839,2,2016-02-14,15.933333333333334,5.566666666666666,0.6166666666666667,0,0,0,8,6,0,0,0,0,7,5,0,1,0,0,7,1,1,1,0,0,9,0,0,0,0,0,1,0,0,2,0,0,5,2,0,0,0,0,2,0,0,0,0,0,2,0,0,4,2,0,0,0,0,0,0,0,0,0,0,14,7,0,2,0,0,3,1,0,0,0,0,11,1,0,2,0,1,0,0,0,0,0,0,2,1,0,0,0,0,0,0,0,0,0,0,8,6,0,2,0,0,3,1,0,0,0,0,9,0,0,1,0,0,0,0,0,0,0,0,2,0,0,0,0,0,0,0,0,0,0,0,7,3,0,1,0,0,3,1,0,0,0,0,6,0,0,1,0,0,0,0,0,0,0,0,0,0,0,0,0,0,0,0,0,0,0,0,0,1,0,0,0,0,1,0,0,0,0,0,0,0,0,0,0,0,0,0,0,0,0,0,1,0,0,0,0,0,0,0,0,0,0,0,0,1,0,0,0,0,1,0,0,0,0,0,0,0,0,0,0,0,0,0,0,0,0,0,0,0,0,0,0,0,0,0,0,0,0,0,0,1,0,0,0,0,1,0,0,0,0,0,0,0,0,0,0,0,0,0,0,0,0,0,0,0,0,0,0,0,0,0,0,0,0,0,3,1,0,0,0,0,0,0,0,0,0,0,0,0,0,0,0,0,0,0,0,0,0,0
2015020855,2,2016-02-17,23.85,1.9,0,0,0,0,15,3,0,0,0,0,10,2,0,0,0,0,9,0,0,0,0,0,4,0,0,1,0,0,2,0,0,1,0,0,5,0,0,0,0,0,0,0,0,2,0,0,6,0,0,4,1,0,0,0,0,0,0,0,0,0,0,18,3,0,0,0,0,0,0,0,0,0,0,16,0,0,1,0,0,0,0,0,0,0,0,3,0,0,0,0,0,0,0,0,0,0,0,12,2,0,0,0,0,0,0,0,0,0,0,13,0,0,1,0,0,0,0,0,0,0,0,3,0,0,0,0,0,0,0,0,0,0,0,8,2,0,0,0,0,0,0,0,0,0,0,9,0,0,1,0,0,0,0,0,0,0,0,0,0,0,0,0,0,0,0,0,0,0,0,0,1,0,0,0,0,0,0,0,0,0,0,1,0,0,0,0,0,0,0,0,0,0,0,0,1,0,0,0,0,0,0,0,0,0,0,0,1,0,0,0,0,0,0,0,0,0,0,1,0,0,0,0,0,0,0,0,0,0,0,0,0,0,0,0,0,0,0,0,0,0,0,0,1,0,0,0,0,0,0,0,0,0,0,0,0,0,0,0,0,0,0,0,0,0,0,0,0,0,0,0,0,0,0,0,0,0,0,0,0,0,0,0,0,0,0,0,0,0,0,0,0,0,0,0,0,0,0,0,0,0,0
2015020860,2,2016-02-18,17.383333333333333,3.933333333333333,0,0,0,0,9,2,0,0,0,0,8,2,0,2,0,0,12,0,0,0,0,0,6,2,0,0,0,0,2,0,0,0,1,0,3,2,0,0,0,0,0,4,2,2,0,0,10,0,2,3,1,0,0,0,0,0,0,0,0,0,0,12,5,0,1,0,0,0,0,0,0,0,0,15,2,0,2,1,0,1,0,0,0,0,0,2,0,0,0,0,0,0,0,0,0,0,0,10,3,0,1,0,0,0,0,0,0,0,0,13,2,0,2,1,0,1,0,0,0,0,0,1,0,0,0,0,0,0,0,0,0,0,0,5,2,0,1,0,0,0,0,0,0,0,0,9,2,0,2,1,0,1,0,0,0,0,0,0,0,0,0,0,0,0,0,0,0,0,0,0,1,0,0,0,0,0,0,0,0,0,0,0,0,0,0,0,0,0,0,0,0,0,0,0,1,0,0,0,0,0,0,0,0,0,0,0,1,0,0,0,0,0,0,0,0,0,0,0,0,0,0,0,0,0,0,0,0,0,0,0,0,0,0,0,0,0,0,0,0,0,0,0,1,0,0,0,0,0,0,0,0,0,0,0,0,0,0,0,0,0,0,0,0,0,0,0,0,0,0,0,0,0,0,0,0,0,0,1,0,0,0,0,0,0,0,0,0,0,0,1,0,0,0,0,0,0,0,0,0,0,0
2015020885,2,2016-02-21,16.666666666666668,5.55,0,0,0,0,11,3,0,0,0,0,7,3,0,0,0,0,9,0,0,0,0,0,2,1,0,1,0,0,1,1,0,1,0,0,3,0,0,0,2,0,2,2,0,2,2,0,2,2,0,2,3,0,0,0,0,0,0,0,0,0,0,16,10,0,0,1,0,1,1,0,0,0,0,19,0,0,1,0,0,0,0,0,0,0,0,1,2,0,0,0,0,0,0,0,0,0,0,12,8,0,0,0,0,1,1,0,0,0,0,14,0,0,0,0,0,0,0,0,0,0,0,0,2,0,0,0,0,0,0,0,0,0,0,6,6,0,0,0,0,1,1,0,0,0,0,8,0,0,0,0,0,0,0,0,0,0,0,0,0,0,0,0,0,0,0,0,0,0,0,0,0,0,0,0,0,0,0,0,0,0,0,0,0,0,0,0,0,0,0,0,0,0,0,0,0,0,0,0,0,0,0,0,0,0,0,0,0,0,0,0,0,0,0,0,0,0,0,0,0,0,0,0,0,0,0,0,0,0,0,0,0,0,0,0,0,0,0,0,0,0,0,0,0,0,0,0,0,0,0,0,0,0,0,0,0,0,0,0,0,0,0,0,0,0,0,0,0,0,0,0,0,0,0,0,0,0,0,1,1,0,0,0,0,0,0,0,0,0,0,0,0,0,0,0,0,0,0,0,0,0,0
2015020893,2,2016-02-23,20.783333333333335,0,0,0,0,0,13,0,0,0,0,0,14,0,0,0,0,0,5,0,0,1,0,0,11,0,0,0,0,0,2,0,0,0,0,0,2,0,0,0,0,0,0,0,0,0,0,0,0,0,0,6,0,0,0,0,0,0,0,0,0,0,0,14,0,0,1,0,0,0,0,0,0,0,0,20,0,0,1,0,0,0,0,0,0,0,0,2,0,0,0,0,0,0,0,0,0,0,0,7,0,0,1,0,0,0,0,0,0,0,0,17,0,0,1,0,0,0,0,0,0,0,0,1,0,0,0,0,0,0,0,0,0,0,0,4,0,0,1,0,0,0,0,0,0,0,0,15,0,0,1,0,0,0,0,0,0,0,0,0,0,0,0,0,0,0,0,0,0,0,0,0,0,0,1,0,0,0,0,0,0,0,0,1,0,0,0,0,0,0,0,0,0,0,0,0,0,0,1,0,0,0,0,0,0,0,0,0,0,0,1,0,0,0,0,0,0,0,0,1,0,0,0,0,0,0,0,0,0,0,0,0,0,0,0,0,0,0,0,0,0,0,0,0,0,0,1,0,0,0,0,0,0,0,0,1,0,0,0,0,0,0,0,0,0,0,0,0,0,0,0,0,0,0,0,0,0,0,0,0,0,0,0,0,0,0,0,0,0,0,0,0,0,0,0,0,0,0,0,0,0,0,0
2015020910,2,2016-02-25,14.516666666666667,1.85,0.5333333333333333,0,0,0,4,3,0,0,0,0,4,0,0,0,0,0,5,0,0,0,0,0,2,0,0,0,0,0,2,0,0,0,0,0,1,0,0,0,0,0,4,0,0,0,0,0,2,0,0,4,1,0,0,0,0,0,0,0,0,0,0,10,4,0,0,0,0,0,0,0,0,0,0,13,1,1,0,0,0,1,1,0,0,0,0,4,0,0,0,0,0,0,0,0,0,0,0,9,2,0,0,0,0,0,0,0,0,0,0,10,1,0,0,0,0,1,1,0,0,0,0,3,0,0,0,0,0,0,0,0,0,0,0,5,1,0,0,0,0,0,0,0,0,0,0,7,1,0,0,0,0,1,0,0,0,0,0,0,0,0,0,0,0,0,0,0,0,0,0,0,0,0,0,0,0,0,0,0,0,0,0,0,0,0,0,0,0,0,0,0,0,0,0,0,0,0,0,0,0,0,0,0,0,0,0,0,0,0,0,0,0,0,0,0,0,0,0,0,0,0,0,0,0,0,0,0,0,0,0,0,0,0,0,0,0,0,0,0,0,0,0,0,0,0,0,0,0,0,0,0,0,0,0,0,0,0,0,0,0,0,0,0,0,0,0,0,0,0,0,0,0,0,0,0,0,0,0,0,0,0,0,0,0,0,0,0,0,0,0,1,1,0,0,0,0,0,0,0,0,0,0
2015020925,2,2016-02-27,15.466666666666667,0.95,0,0,0,0,11,1,0,0,0,0,11,1,0,0,0,0,4,0,0,0,0,0,4,0,0,0,0,0,0,0,0,1,0,0,3,0,0,0,0,0,0,0,0,0,0,0,0,0,0,6,2,0,0,0,0,0,0,0,0,0,0,19,4,0,0,0,0,2,0,0,0,0,0,17,0,0,2,0,0,0,0,0,0,0,0,4,1,0,0,0,0,0,0,0,0,0,0,13,2,0,0,0,0,1,0,0,0,0,0,16,0,0,2,0,0,0,0,0,0,0,0,2,1,0,0,0,0,0,0,0,0,0,0,7,2,0,0,0,0,0,0,0,0,0,0,10,0,0,1,0,0,0,0,0,0,0,0,0,0,0,0,0,0,0,0,0,0,0,0,0,1,0,0,0,0,0,0,0,0,0,0,1,0,0,0,0,0,0,0,0,0,0,0,0,1,0,0,0,0,0,0,0,0,0,0,0,1,0,0,0,0,0,0,0,0,0,0,1,0,0,0,0,0,0,0,0,0,0,0,0,0,0,0,0,0,0,0,0,0,0,0,0,1,0,0,0,0,0,0,0,0,0,0,1,0,0,0,0,0,0,0,0,0,0,0,1,0,0,0,0,0,0,0,0,0,0,0,2,0,0,0,0,0,0,0,0,0,0,0,0,0,0,0,0,0,0,0,0,0,0,0
2015020937,2,2016-02-29,19.3,1.4,0.11666666666666667,0,0,0,13,0,1,0,0,0,9,1,0,0,0,0,5,0,0,0,0,0,10,0,0,4,0,0,6,0,0,0,0,0,5,0,0,0,0,0,0,0,0,0,0,0,0,0,0,1,2,0,0,0,0,0,0,0,0,0,0,13,4,0,0,0,0,1,0,0,0,0,0,12,0,0,3,0,0,4,0,0,0,0,0,0,2,0,0,0,0,0,0,0,0,0,0,7,3,0,0,0,0,1,0,0,0,0,0,11,0,0,3,0,0,4,0,0,0,0,0,0,1,0,0,0,0,0,0,0,0,0,0,4,2,0,0,0,0,1,0,0,0,0,0,9,0,0,2,0,0,4,0,0,0,0,0,0,0,0,0,0,0,0,0,0,0,0,0,0,0,0,0,0,0,0,0,0,0,0,0,0,0,0,0,0,0,0,0,0,0,0,0,0,0,0,0,0,0,0,0,0,0,0,0,0,0,0,0,0,0,0,0,0,0,0,0,0,0,0,0,0,0,0,0,0,0,0,0,0,0,0,0,0,0,0,0,0,0,0,0,0,0,0,0,0,0,0,0,0,0,0,0,0,0,0,0,0,0,0,0,0,0,0,0,0,0,0,0,0,0,0,0,0,0,0,0,1,0,0,0,0,0,0,0,0,0,0,0,2,0,0,2,0,0,0,0,0,0,0,0
2015020957,2,2016-03-03,17.783333333333335,2.433333333333333,0.2,0,0,0,11,2,0,0,0,0,6,0,0,1,0,0,11,0,0,1,0,0,10,0,0,2,0,0,2,0,0,0,0,0,2,0,0,0,0,0,0,0,0,2,0,0,4,0,0,4,0,0,0,0,0,0,0,0,0,0,0,11,2,0,0,0,0,1,0,0,0,0,0,14,1,0,0,0,0,2,0,0,0,0,0,3,0,0,0,0,0,0,0,0,0,0,0,9,2,0,0,0,0,1,0,0,0,0,0,9,1,0,0,0,0,2,0,0,0,0,0,2,0,0,0,0,0,0,0,0,0,0,0,6,2,0,0,0,0,1,0,0,0,0,0,7,1,0,0,0,0,2,0,0,0,0,0,0,0,0,0,0,0,0,0,0,0,0,0,0,0,0,0,0,0,0,0,0,0,0,0,1,0,0,0,0,0,2,0,0,0,0,0,0,0,0,0,0,0,0,0,0,0,0,0,0,0,0,0,0,0,0,0,0,0,0,0,1,0,0,0,0,0,2,0,0,0,0,0,0,0,0,0,0,0,0,0,0,0,0,0,0,0,0,0,0,0,0,0,0,0,0,0,0,0,0,0,0,0,2,0,0,0,0,0,0,0,0,0,0,0,0,0,0,0,0,0,1,0,0,0,0,0,0,0,0,0,0,0,2,0,0,0,0,0,0,0,0,0,0,0
2015020966,2,2016-03-04,22.55,1.8666666666666667,0,0,0,0,7,2,0,0,0,0,12,2,0,0,0,0,5,0,0,0,0,0,9,0,0,0,0,0,2,0,0,0,0,0,2,0,0,0,0,0,4,0,0,0,0,0,0,2,0,3,2,0,0,0,0,0,0,0,0,0,0,16,7,0,1,0,0,0,0,0,0,0,0,24,0,0,2,0,0,2,0,0,0,0,0,3,1,0,0,0,0,0,0,0,0,0,0,13,5,0,1,0,0,0,0,0,0,0,0,14,0,0,1,0,0,1,0,0,0,0,0,2,1,0,0,0,0,0,0,0,0,0,0,9,2,0,1,0,0,0,0,0,0,0,0,7,0,0,0,0,0,1,0,0,0,0,0,0,1,0,0,0,0,0,0,0,0,0,0,0,1,0,0,0,0,0,0,0,0,0,0,0,0,0,0,0,0,0,0,0,0,0,0,0,0,0,0,0,0,0,0,0,0,0,0,0,1,0,0,0,0,0,0,0,0,0,0,0,0,0,0,0,0,0,0,0,0,0,0,0,0,0,0,0,0,0,0,0,0,0,0,0,1,0,0,0,0,0,0,0,0,0,0,0,0,0,0,0,0,0,0,0,0,0,0,0,0,0,0,0,0,0,0,0,0,0,0,0,0,0,0,0,0,0,0,0,0,0,0,2,0,0,0,0,0,0,0,0,0,0,0
2015020982,2,2016-03-06,21.333333333333332,4.35,0,0,0,0,20,4,0,0,0,0,8,2,0,0,0,0,20,0,0,0,0,0,8,1,0,1,0,0,4,0,0,0,1,0,4,2,0,2,0,0,2,0,0,0,0,0,4,0,0,4,3,0,0,0,0,0,0,0,0,0,0,24,7,0,3,0,0,1,0,0,0,0,0,15,1,0,1,0,0,2,1,0,0,0,0,1,2,0,0,0,0,0,0,0,0,0,0,16,6,0,3,0,0,1,0,0,0,0,0,13,1,0,1,0,0,2,1,0,0,0,0,1,1,0,0,0,0,0,0,0,0,0,0,10,3,0,1,0,0,1,0,0,0,0,0,9,1,0,0,0,0,2,1,0,0,0,0,0,0,0,0,0,0,0,0,0,0,0,0,0,1,0,1,0,0,1,0,0,0,0,0,3,0,0,0,0,0,1,0,0,0,0,0,0,1,0,0,0,0,0,0,0,0,0,0,0,1,0,1,0,0,1,0,0,0,0,0,3,0,0,0,0,0,1,0,0,0,0,0,0,0,0,0,0,0,0,0,0,0,0,0,0,1,0,0,0,0,1,0,0,0,0,0,2,0,0,0,0,0,1,0,0,0,0,0,0,0,0,0,0,0,0,0,0,0,0,0,1,0,0,0,0,0,0,0,0,0,0,0,2,1,0,0,0,0,0,0,0,0,0,0
2015020993,2,2016-03-08,18.616666666666667,1.55,0,0,0,0,8,2,0,0,0,0,13,0,0,0,0,0,4,0,0,0,0,0,2,0,0,0,0,0,4,0,0,0,0,0,0,0,0,0,0,0,0,0,0,0,0,0,0,0,0,2,0,0,0,0,0,0,0,0,0,0,0,14,3,0,0,0,0,0,0,0,0,0,0,13,1,0,0,0,0,1,0,0,0,0,0,2,0,0,0,0,0,0,0,0,0,0,0,12,2,0,0,0,0,0,0,0,0,0,0,12,1,0,0,0,0,1,0,0,0,0,0,1,0,0,0,0,0,0,0,0,0,0,0,8,2,0,0,0,0,0,0,0,0,0,0,10,0,0,0,0,0,1,0,0,0,0,0,0,0,0,0,0,0,0,0,0,0,0,0,1,0,0,0,0,0,0,0,0,0,0,0,2,0,0,0,0,0,0,0,0,0,0,0,0,0,0,0,0,0,0,0,0,0,0,0,1,0,0,0,0,0,0,0,0,0,0,0,2,0,0,0,0,0,0,0,0,0,0,0,0,1,0,0,0,0,0,0,0,0,0,0,1,0,0,0,0,0,0,0,0,0,0,0,2,0,0,0,0,0,0,0,0,0,0,0,0,0,0,0,0,0,0,0,0,0,0,0,0,0,0,0,0,0,0,0,0,0,0,0,1,0,0,0,0,0,0,0,0,0,0,0
2015021019,2,2016-03-12,16.383333333333333,3.1333333333333333,0,0,0,0,2,0,0,0,0,0,15,2,1,0,0,0,8,2,0,0,0,0,7,1,0,0,0,0,0,1,0,0,0,0,0,0,0,0,0,0,0,0,2,0,0,0,4,0,0,1,3,0,0,0,0,0,0,0,0,0,0,7,5,0,0,1,0,0,0,0,0,0,0,17,0,0,0,0,0,3,0,0,0,0,0,0,2,0,0,0,0,0,0,0,0,0,0,6,3,0,0,1,0,0,0,0,0,0,0,12,0,0,0,0,0,3,0,0,0,0,0,0,1,0,0,0,0,0,0,0,0,0,0,4,2,0,0,0,0,0,0,0,0,0,0,9,0,0,0,0,0,1,0,0,0,0,0,0,0,0,0,0,0,0,0,0,0,0,0,0,1,0,0,0,0,0,0,0,0,0,0,1,0,0,0,0,0,0,0,0,0,0,0,0,1,0,0,0,0,0,0,0,0,0,0,0,1,0,0,0,0,0,0,0,0,0,0,1,0,0,0,0,0,0,0,0,0,0,0,0,0,0,0,0,0,0,0,0,0,0,0,0,1,0,0,0,0,0,0,0,0,0,0,1,0,0,0,0,0,0,0,0,0,0,0,0,0,0,0,0,0,0,0,0,0,0,0,0,0,0,0,0,0,0,0,0,0,0,0,3,0,0,0,0,0,0,0,0,0,0,0
2015021030,2,2016-03-13,14.466666666666667,4.366666666666666,0,0,0,0,8,3,0,0,0,0,5,4,0,1,0,0,3,0,0,1,0,0,3,0,0,0,0,0,3,0,0,2,1,0,6,3,0,0,0,0,2,2,0,0,0,0,4,0,0,3,1,0,0,0,0,0,0,0,0,0,0,14,8,0,0,0,0,3,2,0,0,0,0,11,0,0,2,0,0,0,0,0,0,0,0,0,1,0,0,0,0,0,0,0,0,0,0,8,7,0,0,0,0,3,2,0,0,0,0,6,0,0,1,0,0,0,0,0,0,0,0,0,0,0,0,0,0,0,0,0,0,0,0,4,5,0,0,0,0,3,2,0,0,0,0,3,0,0,1,0,0,0,0,0,0,0,0,0,0,0,0,0,0,0,0,0,0,0,0,0,1,0,0,0,0,0,0,0,0,0,0,0,0,0,0,0,0,0,0,0,0,0,0,0,1,0,0,0,0,0,0,0,0,0,0,0,1,0,0,0,0,0,0,0,0,0,0,0,0,0,0,0,0,0,0,0,0,0,0,0,0,0,0,0,0,0,0,0,0,0,0,0,1,0,0,0,0,0,0,0,0,0,0,0,0,0,0,0,0,0,0,0,0,0,0,0,0,0,0,0,0,0,0,0,0,0,0,2,1,0,0,0,0,1,1,0,0,0,0,0,0,0,0,0,0,0,0,0,0,0,0
2015021052,2,2016-03-16,14.066666666666666,4.033333333333333,0,0,0,0,4,3,0,0,0,0,8,1,0,3,0,0,7,0,0,0,1,0,5,1,0,0,0,0,2,0,0,0,0,0,3,1,0,0,0,0,2,0,0,0,0,0,0,0,0,4,0,0,0,0,0,0,0,0,0,0,0,7,7,0,0,0,0,0,0,0,0,0,0,12,1,0,1,0,0,1,0,0,0,0,0,3,0,0,0,0,0,0,0,0,0,0,0,4,5,0,0,0,0,0,0,0,0,0,0,10,1,0,0,0,0,1,0,0,0,0,0,2,0,0,0,0,0,0,0,0,0,0,0,3,2,0,0,0,0,0,0,0,0,0,0,6,1,0,0,0,0,1,0,0,0,0,0,0,0,0,0,0,0,0,0,0,0,0,0,0,0,0,0,0,0,0,0,0,0,0,0,1,0,0,0,0,0,0,0,0,0,0,0,0,0,0,0,0,0,0,0,0,0,0,0,0,0,0,0,0,0,0,0,0,0,0,0,1,0,0,0,0,0,0,0,0,0,0,0,0,0,0,0,0,0,0,0,0,0,0,0,0,0,0,0,0,0,0,0,0,0,0,0,0,0,0,0,0,0,0,0,0,0,0,0,0,0,0,0,0,0,0,0,0,0,0,0,0,0,0,0,0,0,0,0,0,0,0,0,1,0,0,0,0,0,0,0,0,0,0,0
2015021060,2,2016-03-17,19.2,1.7833333333333334,0,0,0,0,8,4,0,0,0,0,7,0,0,0,0,0,10,0,0,3,1,0,12,1,0,0,0,0,0,0,0,1,0,0,4,0,0,0,0,0,0,0,0,2,0,0,2,0,0,0,0,0,0,0,0,0,0,0,0,0,0,7,2,0,2,0,0,0,0,0,0,0,0,25,0,0,1,0,0,1,0,0,0,0,0,0,0,0,0,0,0,0,0,0,0,0,0,6,2,0,2,0,0,0,0,0,0,0,0,19,0,0,1,0,0,1,0,0,0,0,0,0,0,0,0,0,0,0,0,0,0,0,0,5,1,0,1,0,0,0,0,0,0,0,0,10,0,0,1,0,0,1,0,0,0,0,0,0,0,0,0,0,0,0,0,0,0,0,0,0,0,0,0,0,0,0,0,0,0,0,0,1,0,0,0,0,0,0,0,0,0,0,0,0,0,0,0,0,0,0,0,0,0,0,0,0,0,0,0,0,0,0,0,0,0,0,0,1,0,0,0,0,0,0,0,0,0,0,0,0,0,0,0,0,0,0,0,0,0,0,0,0,0,0,0,0,0,0,0,0,0,0,0,1,0,0,0,0,0,0,0,0,0,0,0,0,0,0,0,0,0,0,0,0,0,0,0,0,0,0,0,0,0,0,0,0,0,0,0,1,0,0,0,0,0,0,0,0,0,0,0
2015021069,2,2016-03-19,17.183333333333334,2.6166666666666667,0,0,0,0,9,1,0,0,0,0,8,3,0,0,0,0,6,0,0,2,0,0,9,0,0,1,0,0,4,0,0,1,0,0,6,1,0,0,0,0,2,0,0,0,0,0,4,0,0,4,2,0,0,0,0,0,0,0,0,0,0,17,5,0,1,0,0,0,0,0,0,0,0,19,1,0,2,0,0,3,0,0,1,0,0,2,2,0,0,0,0,0,0,0,0,0,0,11,4,0,0,0,0,0,0,0,0,0,0,16,1,0,2,0,0,3,0,0,1,0,0,1,2,0,0,0,0,0,0,0,0,0,0,7,4,0,0,0,0,0,0,0,0,0,0,12,1,0,1,0,0,3,0,0,1,0,0,0,0,0,0,0,0,0,0,0,0,0,0,0,0,0,0,0,0,0,0,0,0,0,0,1,0,0,0,0,0,0,0,0,0,0,0,0,0,0,0,0,0,0,0,0,0,0,0,0,0,0,0,0,0,0,0,0,0,0,0,1,0,0,0,0,0,0,0,0,0,0,0,0,0,0,0,0,0,0,0,0,0,0,0,0,0,0,0,0,0,0,0,0,0,0,0,0,0,0,0,0,0,0,0,0,0,0,0,0,0,0,0,0,0,0,0,0,0,0,0,0,0,0,0,0,0,0,0,0,0,0,0,2,0,0,1,0,0,1,0,0,0,0,0
2015021086,2,2016-03-21,15.983333333333333,2.5,0,0,0,0,13,1,0,0,0,0,6,2,0,1,0,0,7,0,0,0,0,0,3,0,0,0,0,0,3,0,0,0,0,0,2,0,0,0,0,0,0,0,2,0,0,0,2,0,0,3,0,0,0,0,0,1,0,0,0,0,0,10,5,0,3,0,0,1,0,0,0,0,0,15,1,0,1,0,0,1,0,0,0,0,0,2,0,0,0,0,0,0,0,0,0,0,0,9,3,0,2,0,0,0,0,0,0,0,0,10,1,0,0,0,0,1,0,0,0,0,0,2,0,0,0,0,0,0,0,0,0,0,0,8,2,0,2,0,0,0,0,0,0,0,0,10,1,0,0,0,0,1,0,0,0,0,0,0,0,0,0,0,0,0,0,0,0,0,0,1,1,0,1,0,0,0,0,0,0,0,0,1,0,0,0,0,0,0,0,0,0,0,0,0,0,0,0,0,0,0,0,0,0,0,0,1,1,0,1,0,0,0,0,0,0,0,0,1,0,0,0,0,0,0,0,0,0,0,0,0,0,0,0,0,0,0,0,0,0,0,0,0,1,0,0,0,0,0,0,0,0,0,0,1,0,0,0,0,0,0,0,0,0,0,0,0,0,0,0,0,0,0,0,0,0,0,0,0,0,0,1,0,0,0,0,0,0,0,0,0,0,0,1,0,0,0,0,0,0,0,0
2015021100,2,2016-03-23,16.45,5.55,0,0,0,0,8,1,0,0,0,0,8,3,0,0,0,0,9,1,0,0,0,0,6,2,0,1,0,0,6,2,0,0,1,0,3,2,0,0,0,0,6,0,0,0,0,0,0,2,0,0,0,0,0,0,0,0,0,0,0,0,0,5,9,0,1,0,0,0,0,0,0,0,0,15,5,0,1,0,0,0,0,0,0,0,0,0,0,0,0,0,0,0,0,0,0,0,0,1,9,0,1,0,0,0,0,0,0,0,0,13,4,0,1,0,0,0,0,0,0,0,0,0,0,0,0,0,0,0,0,0,0,0,0,0,5,0,1,0,0,0,0,0,0,0,0,8,3,0,1,0,0,0,0,0,0,0,0,0,0,0,0,0,0,0,0,0,0,0,0,0,2,0,0,0,0,0,0,0,0,0,0,1,0,0,0,0,0,0,0,0,0,0,0,0,2,0,0,0,0,0,0,0,0,0,0,0,2,0,0,0,0,0,0,0,0,0,0,1,0,0,0,0,0,0,0,0,0,0,0,0,0,0,0,0,0,0,0,0,0,0,0,0,2,0,0,0,0,0,0,0,0,0,0,1,0,0,0,0,0,0,0,0,0,0,0,0,0,0,0,0,0,0,0,0,0,0,0,0,0,0,0,0,0,0,0,0,0,0,0,0,0,0,0,0,0,0,0,0,0,0,0
2015021120,2,2016-03-26,17.483333333333334,2.066666666666667,0,0,0,0,5,2,0,0,0,0,7,1,0,0,0,0,12,0,0,0,0,0,10,0,1,0,0,0,1,0,0,0,0,0,1,0,0,0,0,0,0,0,0,2,0,0,8,0,0,3,0,0,0,0,0,0,0,0,0,0,0,19,3,0,1,0,0,0,1,0,0,0,0,10,1,0,3,0,0,0,0,0,0,0,0,3,0,0,0,0,0,0,0,0,0,0,0,11,2,0,1,0,0,0,1,0,0,0,0,8,0,0,3,0,0,0,0,0,0,0,0,1,0,0,0,0,0,0,0,0,0,0,0,4,2,0,1,0,0,0,1,0,0,0,0,7,0,0,3,0,0,0,0,0,0,0,0,0,0,0,0,0,0,0,0,0,0,0,0,0,1,0,1,0,0,0,1,0,0,0,0,0,0,0,0,0,0,0,0,0,0,0,0,0,0,0,0,0,0,0,0,0,0,0,0,0,1,0,1,0,0,0,1,0,0,0,0,0,0,0,0,0,0,0,0,0,0,0,0,0,1,0,1,0,0,0,0,0,0,0,0,0,1,0,1,0,0,0,1,0,0,0,0,0,0,0,0,0,0,0,0,0,0,0,0,0,0,0,0,0,0,0,0,0,0,0,0,0,1,0,0,0,0,0,0,0,0,0,0,0,0,0,0,0,0,0,0,0,0,0,0
2015021130,2,2016-03-27,19.083333333333332,2.0833333333333335,0,0,0,0,7,1,0,0,0,0,11,3,0,1,0,0,8,0,0,0,0,0,8,0,0,0,0,0,2,0,0,3,1,0,8,2,0,0,0,0,2,0,0,0,0,0,2,0,0,1,0,0,0,0,0,0,0,0,0,0,0,12,3,0,4,0,0,1,0,0,0,0,0,26,1,0,0,0,0,1,0,0,1,0,0,0,0,0,0,0,0,0,0,0,0,0,0,6,2,0,4,0,0,1,0,0,0,0,0,19,1,0,0,0,0,1,0,0,1,0,0,0,0,0,0,0,0,0,0,0,0,0,0,4,2,0,4,0,0,1,0,0,0,0,0,13,1,0,0,0,0,1,0,0,1,0,0,0,0,0,0,0,0,0,0,0,0,0,0,0,0,0,1,0,0,0,0,0,0,0,0,0,0,0,0,0,0,0,0,0,1,0,0,0,0,0,0,0,0,0,0,0,0,0,0,0,0,0,1,0,0,0,0,0,0,0,0,0,0,0,0,0,0,0,0,0,1,0,0,0,0,0,0,0,0,0,0,0,0,0,0,0,0,0,1,0,0,0,0,0,0,0,0,0,0,0,0,0,0,0,0,0,0,0,0,0,0,0,0,0,0,0,0,0,0,0,0,1,0,0,0,0,0,0,0,0,0,0,0,2,0,0,0,0,0,0,0,0,0,0,0
2015021155,2,2016-03-31,18.1,2.8666666666666667,0,0,0,0,8,1,0,0,0,0,6,4,0,0,0,0,10,1,0,0,0,0,6,0,0,0,0,0,0,1,0,0,0,0,0,0,0,0,0,0,0,0,0,0,0,0,2,0,0,2,2,0,0,0,0,0,0,0,0,0,0,10,3,0,0,0,0,0,0,0,0,0,0,12,0,0,0,0,0,1,0,0,0,0,0,2,1,0,0,0,0,0,0,0,0,0,0,7,2,0,0,0,0,0,0,0,0,0,0,9,0,0,0,0,0,0,0,0,0,0,0,1,0,0,0,0,0,0,0,0,0,0,0,5,1,0,0,0,0,0,0,0,0,0,0,6,0,0,0,0,0,0,0,0,0,0,0,0,0,0,0,0,0,0,0,0,0,0,0,0,1,0,0,0,0,0,0,0,0,0,0,1,0,0,0,0,0,0,0,0,0,0,0,0,0,0,0,0,0,0,0,0,0,0,0,0,1,0,0,0,0,0,0,0,0,0,0,1,0,0,0,0,0,0,0,0,0,0,0,0,1,0,0,0,0,0,0,0,0,0,0,0,1,0,0,0,0,0,0,0,0,0,0,1,0,0,0,0,0,0,0,0,0,0,0,0,0,0,0,0,0,0,0,0,0,0,0,0,0,0,0,0,0,0,0,0,0,0,0,1,0,0,0,0,0,0,0,0,0,0,0
2015021173,2,2016-04-02,19.266666666666666,3.3333333333333335,0,0,0,0,12,0,0,0,0,0,9,3,0,0,0,0,14,0,0,1,0,0,9,0,0,0,0,0,0,0,0,4,0,0,7,0,0,0,0,0,2,2,0,0,0,0,2,0,0,8,1,0,0,0,0,0,0,0,0,0,0,25,7,0,1,0,0,1,0,0,0,0,0,12,0,0,2,0,0,1,0,0,0,0,0,6,1,0,0,0,0,0,0,0,0,0,0,19,6,0,1,0,0,1,0,0,0,0,0,7,0,0,1,0,0,1,0,0,0,0,0,3,1,0,0,0,0,0,0,0,0,0,0,12,5,0,1,0,0,1,0,0,0,0,0,4,0,0,0,0,0,1,0,0,0,0,0,0,0,0,0,0,0,0,0,0,0,0,0,1,0,0,0,0,0,1,0,0,0,0,0,0,0,0,0,0,0,1,0,0,0,0,0,0,0,0,0,0,0,0,0,0,0,0,0,1,0,0,0,0,0,1,0,0,0,0,0,0,0,0,0,0,0,1,0,0,0,0,0,0,0,0,0,0,0,0,0,0,0,0,0,1,0,0,0,0,0,1,0,0,0,0,0,0,0,0,0,0,0,0,0,0,0,0,0,0,0,0,0,0,0,0,0,0,0,0,0,1,0,0,0,0,0,0,0,0,0,0,0,0,0,0,1,0,0,0,0,0,0,0,0
2015021184,2,2016-04-04,20.533333333333335,1.35,0.5,0,0,0,8,1,0,0,0,0,7,1,0,0,0,0,6,0,0,0,0,0,4,1,0,0,0,0,0,0,0,0,0,0,0,0,0,0,0,0,0,0,0,0,0,0,4,0,0,4,2,0,0,0,0,0,0,0,0,0,0,18,6,0,0,0,0,0,0,0,0,0,0,19,0,1,2,0,0,2,0,0,0,0,0,4,1,0,0,0,0,0,0,0,0,0,0,12,4,0,0,0,0,0,0,0,0,0,0,12,0,1,1,0,0,1,0,0,0,0,0,1,1,0,0,0,0,0,0,0,0,0,0,8,3,0,0,0,0,0,0,0,0,0,0,6,0,1,1,0,0,1,0,0,0,0,0,0,0,0,0,0,0,0,0,0,0,0,0,1,0,0,0,0,0,0,0,0,0,0,0,1,0,0,0,0,0,0,0,0,0,0,0,0,0,0,0,0,0,0,0,0,0,0,0,1,0,0,0,0,0,0,0,0,0,0,0,1,0,0,0,0,0,0,0,0,0,0,0,0,0,0,0,0,0,0,0,0,0,0,0,0,0,0,0,0,0,0,0,0,0,0,0,1,0,0,0,0,0,0,0,0,0,0,0,0,0,0,0,0,0,0,0,0,0,0,0,0,0,0,0,0,0,0,0,0,0,0,0,2,0,0,0,0,0,0,0,0,0,0,0
2015021190,2,2016-04-05,13.483333333333333,5.65,0,0,0,0,3,3,0,0,0,0,8,3,0,0,0,0,7,2,0,1,0,0,6,1,0,0,0,0,1,0,0,1,0,0,3,3,0,2,0,0,19,0,0,2,2,0,11,2,10,0,0,0,0,0,0,0,0,0,0,0,0,8,5,0,0,1,0,0,0,0,0,0,0,12,2,0,0,0,0,1,0,0,0,0,0,0,0,0,0,0,0,0,0,0,0,0,0,6,4,0,0,1,0,0,0,0,0,0,0,10,2,0,0,0,0,1,0,0,0,0,0,0,0,0,0,0,0,0,0,0,0,0,0,6,4,0,0,1,0,0,0,0,0,0,0,7,1,0,0,0,0,1,0,0,0,0,0,0,0,0,0,0,0,0,0,0,0,0,0,0,1,0,0,0,0,0,0,0,0,0,0,0,0,0,0,0,0,0,0,0,0,0,0,0,0,0,0,0,0,0,0,0,0,0,0,0,1,0,0,0,0,0,0,0,0,0,0,0,0,0,0,0,0,0,0,0,0,0,0,0,1,0,0,0,0,0,0,0,0,0,0,0,1,0,0,0,0,0,0,0,0,0,0,0,0,0,0,0,0,0,0,0,0,0,0,0,0,0,0,0,0,0,0,0,0,0,0,0,0,0,0,0,0,0,0,0,0,0,0,1,0,0,0,0,0,0,0,0,0,0,0
2015021204,2,2016-04-07,14.266666666666667,5.033333333333333,0,0,0,0,5,2,0,0,0,0,5,2,0,0,0,0,3,0,0,1,0,0,3,2,0,1,0,0,3,0,0,1,0,0,3,1,0,0,0,0,4,0,0,2,0,0,2,0,0,3,1,0,0,1,0,0,0,0,0,0,0,23,6,0,0,1,0,0,2,0,0,0,0,12,1,0,0,0,0,1,0,0,0,0,0,2,1,0,0,0,0,0,0,0,0,0,0,15,4,0,0,0,0,0,2,0,0,0,0,7,1,0,0,0,0,1,0,0,0,0,0,1,1,0,0,0,0,0,0,0,0,0,0,13,4,0,0,0,0,0,2,0,0,0,0,5,1,0,0,0,0,1,0,0,0,0,0,0,0,0,0,0,0,0,0,0,0,0,0,1,0,0,0,0,0,0,0,0,0,0,0,1,0,0,0,0,0,0,0,0,0,0,0,0,0,0,0,0,0,0,0,0,0,0,0,1,0,0,0,0,0,0,0,0,0,0,0,1,0,0,0,0,0,0,0,0,0,0,0,1,0,0,0,0,0,0,0,0,0,0,0,1,0,0,0,0,0,0,0,0,0,0,0,0,0,0,0,0,0,0,0,0,0,0,0,0,0,0,0,0,0,0,0,0,0,0,0,0,2,0,0,0,0,0,0,0,0,0,0,1,0,0,0,0,0,0,0,0,0,0,0
2015021217,2,2016-04-09,15.566666666666666,1.75,0,0,0,0,9,1,0,0,0,0,8,0,0,0,0,0,6,0,0,0,0,0,5,0,0,0,2,0,0,2,0,2,0,0,4,1,0,0,0,0,0,0,0,0,0,0,2,0,0,1,1,0,0,0,0,0,0,0,0,0,0,9,4,0,2,0,0,2,0,0,0,0,0,15,0,0,2,0,0,1,0,0,0,0,0,1,1,0,0,0,0,0,0,0,0,0,0,8,3,0,1,0,0,2,0,0,0,0,0,10,0,0,1,0,0,1,0,0,0,0,0,0,1,0,0,0,0,0,0,0,0,0,0,5,1,0,1,0,0,1,0,0,0,0,0,7,0,0,0,0,0,1,0,0,0,0,0,0,0,0,0,0,0,0,0,0,0,0,0,0,0,0,0,0,0,0,0,0,0,0,0,0,0,0,0,0,0,0,0,0,0,0,0,0,0,0,0,0,0,0,0,0,0,0,0,0,0,0,0,0,0,0,0,0,0,0,0,0,0,0,0,0,0,0,0,0,0,0,0,0,0,0,0,0,0,0,0,0,0,0,0,0,0,0,0,0,0,0,0,0,0,0,0,0,0,0,0,0,0,0,0,0,0,0,0,1,0,0,0,0,0,0,0,0,0,0,0,1,0,0,1,0,0,0,0,0,0,0,0,1,0,0,0,0,0,0,0,0,0,0,0
2015030141,3,2016-04-13,16.783333333333335,5.35,0,0,0,0,6,1,0,0,0,0,14,3,0,0,0,0,15,1,0,1,0,0,11,4,0,0,0,0,2,0,0,0,0,0,0,0,0,0,0,0,0,0,0,0,0,0,4,0,0,3,5,0,0,0,0,2,0,0,0,0,0,22,14,0,0,0,0,3,0,0,0,0,0,9,2,0,0,0,0,0,0,0,0,0,0,2,3,0,0,0,0,1,0,0,0,0,0,16,10,0,0,0,0,2,0,0,0,0,0,7,2,0,0,0,0,0,0,0,0,0,0,1,1,0,0,0,0,1,0,0,0,0,0,11,4,0,0,0,0,2,0,0,0,0,0,7,1,0,0,0,0,0,0,0,0,0,0,0,0,0,0,0,0,0,0,0,0,0,0,0,0,0,0,0,0,0,0,0,0,0,0,0,1,0,0,0,0,0,0,0,0,0,0,0,0,0,0,0,0,0,0,0,0,0,0,0,0,0,0,0,0,0,0,0,0,0,0,0,1,0,0,0,0,0,0,0,0,0,0,0,0,0,0,0,0,0,0,0,0,0,0,0,0,0,0,0,0,0,0,0,0,0,0,0,1,0,0,0,0,0,0,0,0,0,0,0,0,0,0,0,0,1,0,0,0,0,0,2,0,0,0,0,0,1,0,0,0,0,0,0,0,0,0,0,0,0,0,0,0,0,0
2015030142,3,2016-04-16,18.45,2.433333333333333,0.13333333333333333,0,0,0,8,2,1,0,0,0,13,2,0,0,0,0,22,0,0,2,0,0,6,0,0,0,0,0,1,0,0,0,0,0,1,0,0,0,0,0,2,0,0,2,0,0,6,2,0,6,1,0,0,0,0,0,0,0,0,0,0,17,3,0,0,0,0,0,1,0,0,0,0,15,0,0,2,0,0,1,0,0,0,0,0,3,1,0,0,0,0,0,0,0,0,0,0,10,2,0,0,0,0,0,1,0,0,0,0,13,0,0,2,0,0,1,0,0,0,0,0,1,1,0,0,0,0,0,0,0,0,0,0,8,2,0,0,0,0,0,1,0,0,0,0,8,0,0,2,0,0,1,0,0,0,0,0,1,0,0,0,0,0,0,0,0,0,0,0,2,0,0,0,0,0,0,0,0,0,0,0,0,0,0,0,0,0,0,0,0,0,0,0,0,0,0,0,0,0,0,0,0,0,0,0,2,0,0,0,0,0,0,0,0,0,0,0,0,0,0,0,0,0,0,0,0,0,0,0,0,0,0,0,0,0,0,0,0,0,0,0,1,0,0,0,0,0,0,0,0,0,0,0,0,0,0,0,0,0,0,0,0,0,0,0,0,0,0,0,0,0,0,0,0,0,0,0,0,1,0,0,0,0,0,0,0,0,0,0,1,0,0,0,0,0,0,0,0,0,0,0
2015030143,3,2016-04-19,17.433333333333334,4.466666666666667,0,0,0,0,6,0,0,0,0,0,6,4,0,0,0,0,11,1,0,1,0,0,9,1,0,1,0,0,7,1,0,0,0,0,4,1,0,0,0,0,4,0,0,0,0,0,0,0,0,3,2,0,1,0,0,0,0,0,0,0,0,16,5,0,2,0,0,0,0,0,0,0,0,18,1,0,0,0,0,0,0,0,0,0,0,2,1,0,0,0,0,0,0,0,0,0,0,10,3,0,1,0,0,0,0,0,0,0,0,13,1,0,0,0,0,0,0,0,0,0,0,2,1,0,0,0,0,0,0,0,0,0,0,7,2,0,1,0,0,0,0,0,0,0,0,11,1,0,0,0,0,0,0,0,0,0,0,0,0,0,0,0,0,0,0,0,0,0,0,0,0,0,0,0,0,0,0,0,0,0,0,1,0,0,0,0,0,0,0,0,0,0,0,0,0,0,0,0,0,0,0,0,0,0,0,0,0,0,0,0,0,0,0,0,0,0,0,1,0,0,0,0,0,0,0,0,0,0,0,0,0,0,0,0,0,0,0,0,0,0,0,0,0,0,0,0,0,0,0,0,0,0,0,1,0,0,0,0,0,0,0,0,0,0,0,0,0,0,0,0,0,0,0,0,0,0,0,0,0,0,0,0,0,0,0,0,0,0,0,0,0,0,0,0,0,0,0,0,0,0,0
2015030144,3,2016-04-21,15.983333333333333,5.7,0,0,0,0,13,3,0,0,0,0,8,2,0,0,0,0,10,0,0,1,0,0,7,0,0,0,0,0,1,0,0,0,0,0,4,4,0,0,0,0,0,0,0,0,0,0,4,0,0,2,4,0,0,0,0,0,1,0,0,0,0,17,10,0,0,0,0,0,1,0,0,0,0,13,1,0,1,0,0,1,0,0,0,0,0,2,4,0,0,0,0,0,1,0,0,0,0,14,8,0,0,0,0,0,1,0,0,0,0,12,1,0,1,0,0,1,0,0,0,0,0,1,3,0,0,0,0,0,0,0,0,0,0,9,6,0,0,0,0,0,0,0,0,0,0,8,1,0,0,0,0,1,0,0,0,0,0,0,0,0,0,0,0,0,0,0,0,0,0,0,0,0,0,0,0,0,0,0,0,0,0,0,0,0,0,0,0,1,0,0,0,0,0,0,0,0,0,0,0,0,0,0,0,0,0,0,0,0,0,0,0,0,0,0,0,0,0,0,0,0,0,0,0,1,0,0,0,0,0,0,0,0,0,0,0,0,0,0,0,0,0,0,0,0,0,0,0,0,0,0,0,0,0,0,0,0,0,0,0,1,0,0,0,0,0,0,0,0,0,0,0,0,0,0,0,0,0,0,1,0,0,0,0,0,0,0,0,0,0,1,0,0,0,0,0,0,0,0,0,0,0
2015030145,3,2016-04-23,13.216666666666667,3.6666666666666665,0,0,0,0,9,3,0,0,0,0,12,2,0,2,0,0,14,1,0,1,0,0,8,2,0,0,0,0,1,0,0,1,0,0,1,1,0,0,0,0,0,0,0,0,0,0,0,0,0,4,0,0,0,0,0,1,0,0,0,0,0,13,8,0,1,0,0,3,1,0,0,0,0,11,0,0,1,0,0,0,0,0,0,0,0,3,0,0,0,0,0,1,0,0,0,0,0,10,7,0,1,0,0,3,1,0,0,0,0,10,0,0,1,0,0,0,0,0,0,0,0,3,0,0,0,0,0,1,0,0,0,0,0,9,5,0,1,0,0,3,1,0,0,0,0,10,0,0,1,0,0,0,0,0,0,0,0,0,0,0,0,0,0,0,0,0,0,0,0,0,0,0,0,0,0,0,1,0,0,0,0,3,0,0,0,0,0,0,0,0,0,0,0,0,0,0,0,0,0,0,0,0,0,0,0,0,0,0,0,0,0,0,1,0,0,0,0,3,0,0,0,0,0,0,0,0,0,0,0,0,0,0,0,0,0,0,0,0,0,0,0,0,0,0,0,0,0,0,1,0,0,0,0,3,0,0,0,0,0,0,0,0,0,0,0,1,0,0,0,0,0,0,0,0,0,0,0,3,1,0,0,0,0,0,0,0,0,0,0,0,0,0,0,0,0,0,0,0,0,0,0
