gameId,gameDate,mP_ev,mP_pp,mP_sh,iFW_ev,iFW_pp,iFW_sh,oFW_ev,oFW_pp,oFW_sh,iFL_ev,iFL_pp,iFL_sh,oFL_ev,oFL_pp,oFL_sh,iHG_ev,iHG_pp,iHG_sh,oHG_ev,oHG_pp,oHG_sh,iHT_ev,iHT_pp,iHT_sh,oHT_ev,oHT_pp,oHT_sh,iTW_ev,iTW_pp,iTW_sh,oTW_ev,oTW_pp,oTW_sh,iGW_ev,iGW_pp,iGW_sh,oGW_ev,oGW_pp,oGW_sh,iMD_ev,iMD_pp,iMD_sh,oMD_ev,oMD_pp,oMD_sh,iMC_ev,iMC_pp,iMC_sh,oMC_ev,oMC_pp,oMC_sh,iCF_neither_ev,iCF_neither_pp,iCF_neither_sh,iCF_rush_ev,iCF_rush_pp,iCF_rush_sh,iCF_rebound_ev,iCF_rebound_pp,iCF_rebound_sh,iCF_both_ev,iCF_both_pp,iCF_both_sh,oCF_neither_ev,oCF_neither_pp,oCF_neither_sh,oCF_rush_ev,oCF_rush_pp,oCF_rush_sh,oCF_rebound_ev,oCF_rebound_pp,oCF_rebound_sh,oCF_both_ev,oCF_both_pp,oCF_both_sh,oCA_neither_ev,oCA_neither_pp,oCA_neither_sh,oCA_rush_ev,oCA_rush_pp,oCA_rush_sh,oCA_rebound_ev,oCA_rebound_pp,oCA_rebound_sh,oCA_both_ev,oCA_both_pp,oCA_both_sh,iFF_neither_ev,iFF_neither_pp,iFF_neither_sh,iFF_rush_ev,iFF_rush_pp,iFF_rush_sh,iFF_rebound_ev,iFF_rebound_pp,iFF_rebound_sh,iFF_both_ev,iFF_both_pp,iFF_both_sh,oFF_neither_ev,oFF_neither_pp,oFF_neither_sh,oFF_rush_ev,oFF_rush_pp,oFF_rush_sh,oFF_rebound_ev,oFF_rebound_pp,oFF_rebound_sh,oFF_both_ev,oFF_both_pp,oFF_both_sh,oFA_neither_ev,oFA_neither_pp,oFA_neither_sh,oFA_rush_ev,oFA_rush_pp,oFA_rush_sh,oFA_rebound_ev,oFA_rebound_pp,oFA_rebound_sh,oFA_both_ev,oFA_both_pp,oFA_both_sh,iSF_neither_ev,iSF_neither_pp,iSF_neither_sh,iSF_rush_ev,iSF_rush_pp,iSF_rush_sh,iSF_rebound_ev,iSF_rebound_pp,iSF_rebound_sh,iSF_both_ev,iSF_both_pp,iSF_both_sh,oSF_neither_ev,oSF_neither_pp,oSF_neither_sh,oSF_rush_ev,oSF_rush_pp,oSF_rush_sh,oSF_rebound_ev,oSF_rebound_pp,oSF_rebound_sh,oSF_both_ev,oSF_both_pp,oSF_both_sh,oSA_neither_ev,oSA_neither_pp,oSA_neither_sh,oSA_rush_ev,oSA_rush_pp,oSA_rush_sh,oSA_rebound_ev,oSA_rebound_pp,oSA_rebound_sh,oSA_both_ev,oSA_both_pp,oSA_both_sh,iGF_neither_ev,iGF_neither_pp,iGF_neither_sh,iGF_rush_ev,iGF_rush_pp,iGF_rush_sh,iGF_rebound_ev,iGF_rebound_pp,iGF_rebound_sh,iGF_both_ev,iGF_both_pp,iGF_both_sh,oGF_neither_ev,oGF_neither_pp,oGF_neither_sh,oGF_rush_ev,oGF_rush_pp,oGF_rush_sh,oGF_rebound_ev,oGF_rebound_pp,oGF_rebound_sh,oGF_both_ev,oGF_both_pp,oGF_both_sh,oGA_neither_ev,oGA_neither_pp,oGA_neither_sh,oGA_rush_ev,oGA_rush_pp,oGA_rush_sh,oGA_rebound_ev,oGA_rebound_pp,oGA_rebound_sh,oGA_both_ev,oGA_both_pp,oGA_both_sh,iAPF_neither_ev,iAPF_neither_pp,iAPF_neither_sh,iAPF_rush_ev,iAPF_rush_pp,iAPF_rush_sh,iAPF_rebound_ev,iAPF_rebound_pp,iAPF_rebound_sh,iAPF_both_ev,iAPF_both_pp,iAPF_both_sh,oAPF_neither_ev,oAPF_neither_pp,oAPF_neither_sh,oAPF_rush_ev,oAPF_rush_pp,oAPF_rush_sh,oAPF_rebound_ev,oAPF_rebound_pp,oAPF_rebound_sh,oAPF_both_ev,oAPF_both_pp,oAPF_both_sh,oAPA_neither_ev,oAPA_neither_pp,oAPA_neither_sh,oAPA_rush_ev,oAPA_rush_pp,oAPA_rush_sh,oAPA_rebound_ev,oAPA_rebound_pp,oAPA_rebound_sh,oAPA_both_ev,oAPA_both_pp,oAPA_both_sh,iASF_neither_ev,iASF_neither_pp,iASF_neither_sh,iASF_rush_ev,iASF_rush_pp,iASF_rush_sh,iASF_rebound_ev,iASF_rebound_pp,iASF_rebound_sh,iASF_both_ev,iASF_both_pp,iASF_both_sh,oASF_neither_ev,oASF_neither_pp,oASF_neither_sh,oASF_rush_ev,oASF_rush_pp,oASF_rush_sh,oASF_rebound_ev,oASF_rebound_pp,oASF_rebound_sh,oASF_both_ev,oASF_both_pp,oASF_both_sh,oASA_neither_ev,oASA_neither_pp,oASA_neither_sh,oASA_rush_ev,oASA_rush_pp,oASA_rush_sh,oASA_rebound_ev,oASA_rebound_pp,oASA_rebound_sh,oASA_both_ev,oASA_both_pp,oASA_both_sh,iRCF_neither_ev,iRCF_neither_pp,iRCF_neither_sh,iRCF_rush_ev,iRCF_rush_pp,iRCF_rush_sh,iRCF_rebound_ev,iRCF_rebound_pp,iRCF_rebound_sh,iRCF_both_ev,iRCF_both_pp,iRCF_both_sh,oRCF_neither_ev,oRCF_neither_pp,oRCF_neither_sh,oRCF_rush_ev,oRCF_rush_pp,oRCF_rush_sh,oRCF_rebound_ev,oRCF_rebound_pp,oRCF_rebound_sh,oRCF_both_ev,oRCF_both_pp,oRCF_both_sh,oRCA_neither_ev,oRCA_neither_pp,oRCA_neither_sh,oRCA_rush_ev,oRCA_rush_pp,oRCA_rush_sh,oRCA_rebound_ev,oRCA_rebound_pp,oRCA_rebound_sh,oRCA_both_ev,oRCA_both_pp,oRCA_both_sh
2025020015,2025-10-09,14.05,1.8833333333333333,1.7333333333333334,6,2,1,6,2,1,10,1,2,10,1,2,2,0,0,5,0,0,1,0,0,9,1,0,0,0,0,1,0,0,0,0,0,2,1,0,2,0,0,2,0,0,0,0,0,0,0,0,3,0,0,0,0,0,0,1,0,0,0,0,16,1,0,0,0,0,0,1,0,0,0,0,11,0,3,2,0,0,0,0,0,0,0,0,2,0,0,0,0,0,0,1,0,0,0,0,8,1,0,0,0,0,0,1,0,0,0,0,7,0,1,1,0,0,0,0,0,0,0,0,2,0,0,0,0,0,0,1,0,0,0,0,7,0,0,0,0,0,0,1,0,0,0,0,4,0,1,1,0,0,0,0,0,0,0,0,0,0,0,0,0,0,0,1,0,0,0,0,0,0,0,0,0,0,0,1,0,0,0,0,0,0,0,0,0,0,0,0,0,0,0,0,0,0,0,0,0,0,0,0,0,0,0,0,0,0,0,0,0,0,0,1,0,0,0,0,0,0,0,0,0,0,0,0,0,0,0,0,0,0,0,0,0,0,0,0,0,0,0,0,0,0,0,0,0,0,0,1,0,0,0,0,0,0,0,0,0,0,0,0,0,0,0,0,0,0,0,0,0,0,0,0,0,0,0,0,0,1,0,0,0,0,0,0,0,0,0,0,0,0,0,0,0,0,0,0,0,0,0,0
2025020033,2025-10-11,9.966666666666667,7.25,2.1166666666666667,2,5,1,2,6,1,7,5,1,8,7,1,1,0,0,2,0,1,0,0,0,1,0,0,0,0,0,1,0,0,0,0,0,0,2,0,0,0,0,6,0,0,2,0,0,2,0,0,3,1,0,0,0,0,0,1,0,0,0,0,9,17,0,1,0,0,1,2,0,0,0,0,7,1,5,1,1,1,0,0,1,0,0,0,2,0,0,0,0,0,0,1,0,0,0,0,8,15,0,1,0,0,1,2,0,0,0,0,2,1,4,1,0,1,0,0,1,0,0,0,2,0,0,0,0,0,0,0,0,0,0,0,6,12,0,1,0,0,1,1,0,0,0,0,0,1,2,1,0,1,0,0,1,0,0,0,0,0,0,0,0,0,0,0,0,0,0,0,0,3,0,0,0,0,0,1,0,0,0,0,0,0,0,1,0,0,0,0,0,0,0,0,0,1,0,0,0,0,0,1,0,0,0,0,0,3,0,0,0,0,0,1,0,0,0,0,0,0,0,1,0,0,0,0,0,0,0,0,0,0,0,0,0,0,0,0,0,0,0,0,0,3,0,0,0,0,0,1,0,0,0,0,0,0,0,0,0,0,0,0,0,0,0,0,0,0,0,0,0,0,0,0,0,0,0,0,1,2,0,0,0,0,0,0,0,0,0,0,0,0,1,0,0,0,0,0,0,0,0,0
2025020047,2025-10-13,11.733333333333333,7,2.8666666666666667,9,6,2,8,7,1,4,4,1,5,5,1,2,0,0,5,0,0,0,0,0,3,0,0,1,0,0,2,0,0,0,1,0,4,5,0,2,0,0,2,2,0,0,0,0,2,0,0,3,2,0,0,0,0,0,2,0,0,0,0,4,11,0,0,0,0,0,2,0,0,0,0,7,1,1,1,0,0,0,0,0,0,0,0,2,2,0,0,0,0,0,2,0,0,0,0,3,11,0,0,0,0,0,2,0,0,0,0,6,1,1,1,0,0,0,0,0,0,0,0,2,1,0,0,0,0,0,2,0,0,0,0,2,10,0,0,0,0,0,2,0,0,0,0,4,1,1,0,0,0,0,0,0,0,0,0,0,0,0,0,0,0,0,0,0,0,0,0,0,2,0,0,0,0,0,0,0,0,0,0,0,0,0,0,0,0,0,0,0,0,0,0,0,0,0,0,0,0,0,0,0,0,0,0,0,2,0,0,0,0,0,0,0,0,0,0,0,0,0,0,0,0,0,0,0,0,0,0,0,1,0,0,0,0,0,0,0,0,0,0,0,2,0,0,0,0,0,0,0,0,0,0,0,0,0,0,0,0,0,0,0,0,0,0,0,0,0,0,0,0,0,0,0,0,0,0,0,2,0,0,0,0,0,0,0,0,0,0,0,0,0,0,0,0,0,0,0,0,0,0
2025020054,2025-10-14,15.966666666666667,3.716666666666667,1.3666666666666667,7,6,1,7,6,1,14,1,1,14,1,1,3,1,0,7,1,0,2,0,0,4,0,0,0,0,0,1,0,0,0,0,0,1,0,0,0,2,0,4,2,0,2,2,0,2,2,0,3,1,0,1,0,0,0,0,0,0,0,0,17,5,0,1,0,0,1,0,0,0,0,0,19,0,2,0,1,0,0,0,1,0,0,0,3,0,0,1,0,0,0,0,0,0,0,0,11,4,0,1,0,0,1,0,0,0,0,0,12,0,2,0,1,0,0,0,1,0,0,0,2,0,0,1,0,0,0,0,0,0,0,0,9,2,0,1,0,0,1,0,0,0,0,0,9,0,1,0,1,0,0,0,1,0,0,0,0,0,0,0,0,0,0,0,0,0,0,0,0,1,0,0,0,0,0,0,0,0,0,0,3,0,0,0,0,0,0,0,0,0,0,0,0,0,0,0,0,0,0,0,0,0,0,0,0,1,0,0,0,0,0,0,0,0,0,0,3,0,0,0,0,0,0,0,0,0,0,0,0,0,0,0,0,0,0,0,0,0,0,0,0,1,0,0,0,0,0,0,0,0,0,0,3,0,0,0,0,0,0,0,0,0,0,0,0,0,0,0,0,0,0,0,0,0,0,0,1,0,0,0,0,0,0,0,0,0,0,0,0,0,1,0,0,0,0,0,0,0,0,0
2025020073,2025-10-17,11.7,1.9,3.25,10,1,1,10,1,1,5,1,5,5,1,5,2,0,0,4,0,0,2,0,0,7,0,0,0,0,0,0,0,0,0,0,0,5,1,1,0,0,0,0,0,0,0,0,0,4,0,0,2,1,1,0,0,0,0,0,0,0,0,0,6,4,1,0,0,0,1,0,0,0,0,0,11,0,9,2,0,0,2,0,2,0,0,0,2,0,1,0,0,0,0,0,0,0,0,0,4,3,1,0,0,0,0,0,0,0,0,0,6,0,7,1,0,0,2,0,1,0,0,0,2,0,1,0,0,0,0,0,0,0,0,0,3,1,1,0,0,0,0,0,0,0,0,0,3,0,7,1,0,0,1,0,1,0,0,0,0,0,0,0,0,0,0,0,0,0,0,0,0,0,0,0,0,0,0,0,0,0,0,0,0,0,1,0,0,0,0,0,0,0,0,0,0,0,0,0,0,0,0,0,0,0,0,0,0,0,0,0,0,0,0,0,0,0,0,0,0,0,1,0,0,0,0,0,0,0,0,0,0,0,0,0,0,0,0,0,0,0,0,0,0,0,0,0,0,0,0,0,0,0,0,0,0,0,1,0,0,0,0,0,0,0,0,0,0,0,0,0,0,0,0,0,0,0,0,0,1,0,0,0,0,0,0,0,0,0,0,0,2,0,2,0,0,0,0,0,0,0,0,0
2025020081,2025-10-18,14.6,4.933333333333334,2.3666666666666667,4,3,3,2,3,3,4,1,2,4,1,2,1,0,0,4,1,0,0,0,0,9,2,0,0,0,0,0,0,0,0,0,0,2,2,0,0,0,0,2,0,0,0,0,0,2,0,0,3,1,0,0,0,0,0,0,0,0,0,0,9,8,0,1,0,0,0,1,0,0,0,0,9,0,2,1,0,0,1,0,0,0,0,0,3,1,0,0,0,0,0,0,0,0,0,0,5,7,0,0,0,0,0,1,0,0,0,0,6,0,1,1,0,0,0,0,0,0,0,0,0,1,0,0,0,0,0,0,0,0,0,0,0,2,0,0,0,0,0,1,0,0,0,0,4,0,1,0,0,0,0,0,0,0,0,0,0,0,0,0,0,0,0,0,0,0,0,0,0,0,0,0,0,0,0,0,0,0,0,0,0,0,0,0,0,0,0,0,0,0,0,0,0,0,0,0,0,0,0,0,0,0,0,0,0,0,0,0,0,0,0,0,0,0,0,0,0,0,0,0,0,0,0,0,0,0,0,0,0,0,0,0,0,0,0,0,0,0,0,0,0,0,0,0,0,0,0,0,0,0,0,0,0,0,0,0,0,0,0,0,0,0,0,0,0,0,0,0,0,0,0,0,0,0,0,0,0,1,0,0,0,0,0,0,0,0,0,0,1,0,0,0,0,0,0,0,0,0,0,0
2025020093,2025-10-20,15.383333333333333,4.15,1.1,6,3,0,7,4,0,9,1,1,9,1,1,0,0,0,1,0,0,1,0,0,7,2,0,0,0,0,0,0,0,0,0,0,3,0,0,0,0,0,2,0,0,0,0,0,0,0,0,2,1,0,0,0,0,0,0,0,0,0,0,17,7,0,0,0,0,4,0,0,0,0,0,15,2,5,0,0,0,2,0,0,0,0,0,1,1,0,0,0,0,0,0,0,0,0,0,13,6,0,0,0,0,4,0,0,0,0,0,10,2,4,0,0,0,2,0,0,0,0,0,1,1,0,0,0,0,0,0,0,0,0,0,9,3,0,0,0,0,2,0,0,0,0,0,5,2,2,0,0,0,0,0,0,0,0,0,0,0,0,0,0,0,0,0,0,0,0,0,1,0,0,0,0,0,0,0,0,0,0,0,0,0,0,0,0,0,0,0,0,0,0,0,0,0,0,0,0,0,0,0,0,0,0,0,1,0,0,0,0,0,0,0,0,0,0,0,0,0,0,0,0,0,0,0,0,0,0,0,1,0,0,0,0,0,0,0,0,0,0,0,1,0,0,0,0,0,0,0,0,0,0,0,0,0,0,0,0,0,0,0,0,0,0,0,1,0,0,0,0,0,0,0,0,0,0,0,4,0,0,0,0,0,0,0,0,0,0,0,2,0,0,0,0,0,0,0,0,0,0,0
2025020108,2025-10-22,12.983333333333333,3.6666666666666665,1.4666666666666666,6,2,1,6,2,1,4,1,0,4,2,0,0,0,0,3,0,0,0,0,0,2,0,0,0,0,0,0,0,0,0,0,0,5,0,0,0,0,0,0,0,0,0,0,0,2,0,0,1,1,0,0,0,0,0,0,0,0,0,0,5,7,0,1,0,0,0,0,0,0,0,0,12,0,3,1,0,0,2,0,0,0,0,0,1,1,0,0,0,0,0,0,0,0,0,0,3,4,0,0,0,0,0,0,0,0,0,0,7,0,2,1,0,0,1,0,0,0,0,0,1,1,0,0,0,0,0,0,0,0,0,0,2,2,0,0,0,0,0,0,0,0,0,0,5,0,2,1,0,0,1,0,0,0,0,0,0,0,0,0,0,0,0,0,0,0,0,0,1,0,0,0,0,0,0,0,0,0,0,0,1,0,0,0,0,0,0,0,0,0,0,0,1,0,0,0,0,0,0,0,0,0,0,0,1,0,0,0,0,0,0,0,0,0,0,0,1,0,0,0,0,0,0,0,0,0,0,0,0,0,0,0,0,0,0,0,0,0,0,0,1,0,0,0,0,0,0,0,0,0,0,0,0,0,0,0,0,0,0,0,0,0,0,0,0,0,0,0,0,0,0,0,0,0,0,0,0,0,0,0,0,0,0,0,0,0,0,0,1,0,0,0,0,0,1,0,0,0,0,0
2025020131,2025-10-25,13.316666666666666,7.05,0.7166666666666667,8,5,0,8,5,0,5,3,1,5,3,1,1,0,0,2,0,0,0,0,0,1,2,0,1,0,0,1,0,0,0,1,0,3,1,0,2,0,0,6,0,0,2,0,0,2,0,0,4,1,0,0,0,0,0,1,0,0,0,0,12,19,0,1,0,0,2,3,0,0,0,0,8,0,2,1,0,0,2,0,1,0,0,0,3,1,0,0,0,0,0,1,0,0,0,0,7,13,0,1,0,0,2,3,0,0,0,0,7,0,2,1,0,0,2,0,1,0,0,0,3,1,0,0,0,0,0,1,0,0,0,0,7,10,0,1,0,0,1,2,0,0,0,0,4,0,2,1,0,0,1,0,1,0,0,0,0,0,0,0,0,0,0,0,0,0,0,0,0,0,0,0,0,0,0,0,0,0,0,0,2,0,1,0,0,0,0,0,0,0,0,0,0,0,0,0,0,0,0,0,0,0,0,0,0,0,0,0,0,0,0,0,0,0,0,0,2,0,1,0,0,0,0,0,0,0,0,0,0,0,0,0,0,0,0,0,0,0,0,0,0,0,0,0,0,0,0,0,0,0,0,0,1,0,1,0,0,0,0,0,0,0,0,0,1,0,0,0,0,0,0,0,0,0,0,0,2,3,0,0,0,0,0,0,0,0,0,0,1,0,1,1,0,0,0,0,0,0,0,0
2025020142,2025-10-26,15.966666666666667,3.95,1.2333333333333334,6,6,1,6,6,1,8,0,1,8,0,1,3,1,0,5,1,0,2,0,0,8,0,0,0,0,0,1,0,0,0,0,1,3,1,1,0,0,0,0,0,0,0,0,0,0,0,0,4,1,0,0,0,0,0,1,0,0,0,0,10,9,0,2,1,0,1,1,0,1,1,0,8,0,3,1,0,0,2,0,1,0,0,0,3,1,0,0,0,0,0,1,0,0,0,0,7,6,0,2,1,0,0,1,0,1,1,0,4,0,2,1,0,0,2,0,1,0,0,0,3,1,0,0,0,0,0,1,0,0,0,0,5,3,0,1,0,0,0,1,0,0,0,0,2,0,1,1,0,0,2,0,1,0,0,0,1,0,0,0,0,0,0,0,0,0,0,0,1,1,0,0,0,0,0,0,0,0,0,0,0,0,0,0,0,0,0,0,0,0,0,0,0,0,0,0,0,0,0,0,0,0,0,0,1,1,0,0,0,0,0,0,0,0,0,0,0,0,0,0,0,0,0,0,0,0,0,0,0,0,0,0,0,0,0,0,0,0,0,0,1,1,0,0,0,0,0,0,0,0,0,0,0,0,0,0,0,0,0,0,0,0,0,0,1,1,0,0,0,0,0,0,0,0,0,0,1,1,0,1,1,0,0,0,0,0,0,0,1,0,1,0,0,0,1,0,0,0,0,0
2025020157,2025-10-28,15.783333333333333,3.7333333333333334,0.36666666666666664,11,3,0,11,3,0,9,3,0,9,4,0,5,0,0,9,0,0,1,0,0,5,1,0,2,0,0,3,0,0,0,0,0,3,0,0,0,0,0,4,0,0,0,0,0,0,2,0,8,0,0,1,0,0,2,0,0,0,0,0,24,2,0,2,0,0,6,0,0,0,0,0,11,2,0,0,0,0,2,0,0,0,0,0,4,0,0,1,0,0,2,0,0,0,0,0,17,1,0,2,0,0,4,0,0,0,0,0,8,2,0,0,0,0,2,0,0,0,0,0,3,0,0,1,0,0,0,0,0,0,0,0,12,1,0,2,0,0,1,0,0,0,0,0,5,0,0,0,0,0,1,0,0,0,0,0,0,0,0,0,0,0,0,0,0,0,0,0,0,0,0,0,0,0,0,0,0,0,0,0,0,0,0,0,0,0,1,0,0,0,0,0,0,0,0,0,0,0,0,0,0,0,0,0,0,0,0,0,0,0,0,0,0,0,0,0,0,0,0,0,0,0,1,0,0,0,0,0,0,0,0,0,0,0,0,0,0,0,0,0,0,0,0,0,0,0,0,0,0,0,0,0,0,0,0,0,0,0,1,0,0,0,0,0,0,0,0,1,0,0,1,0,0,0,0,0,3,0,0,1,0,0,2,0,0,0,0,0,2,0,0,0,0,0,0,0,0,0,0,0
2025020173,2025-10-30,12.583333333333334,4.516666666666667,0.21666666666666667,6,1,0,7,2,0,9,3,1,10,3,1,1,2,0,4,2,0,2,0,0,7,1,0,0,0,0,0,0,0,1,0,0,3,0,0,0,0,0,0,0,0,0,0,0,0,0,0,3,1,0,0,0,0,0,0,0,0,0,0,11,5,0,0,0,0,1,0,0,0,0,0,13,1,1,0,0,0,1,0,2,0,0,0,2,1,0,0,0,0,0,0,0,0,0,0,8,4,0,0,0,0,1,0,0,0,0,0,8,1,1,0,0,0,0,0,2,0,0,0,1,1,0,0,0,0,0,0,0,0,0,0,2,3,0,0,0,0,0,0,0,0,0,0,4,0,0,0,0,0,0,0,1,0,0,0,0,0,0,0,0,0,0,0,0,0,0,0,0,0,0,0,0,0,0,0,0,0,0,0,1,0,0,0,0,0,0,0,1,0,0,0,0,0,0,0,0,0,0,0,0,0,0,0,0,0,0,0,0,0,0,0,0,0,0,0,1,0,0,0,0,0,0,0,1,0,0,0,0,0,0,0,0,0,0,0,0,0,0,0,0,0,0,0,0,0,0,0,0,0,0,0,1,0,0,0,0,0,0,0,1,0,0,0,0,0,0,0,0,0,0,0,0,0,0,0,1,0,0,0,0,0,0,0,0,0,0,0,1,0,1,0,0,0,0,0,1,0,0,0
2025020190,2025-11-01,11.316666666666666,3.683333333333333,3.433333333333333,8,2,3,9,3,3,5,1,0,5,2,0,1,1,0,5,1,0,2,1,0,10,3,0,0,0,0,0,0,0,1,0,0,3,0,0,0,0,0,10,0,0,0,0,0,10,0,0,3,1,0,0,0,0,0,0,0,0,0,0,9,5,0,0,0,0,0,0,0,0,0,0,8,0,8,0,0,0,3,0,0,0,0,0,3,1,0,0,0,0,0,0,0,0,0,0,8,4,0,0,0,0,0,0,0,0,0,0,7,0,6,0,0,0,3,0,0,0,0,0,1,1,0,0,0,0,0,0,0,0,0,0,5,3,0,0,0,0,0,0,0,0,0,0,4,0,2,0,0,0,3,0,0,0,0,0,0,0,0,0,0,0,0,0,0,0,0,0,1,1,0,0,0,0,0,0,0,0,0,0,0,0,0,0,0,0,1,0,0,0,0,0,1,1,0,0,0,0,0,0,0,0,0,0,1,1,0,0,0,0,0,0,0,0,0,0,0,0,0,0,0,0,1,0,0,0,0,0,0,0,0,0,0,0,0,0,0,0,0,0,1,1,0,0,0,0,0,0,0,0,0,0,0,0,0,0,0,0,1,0,0,0,0,0,0,0,0,0,0,0,0,0,0,0,0,0,0,0,0,0,0,0,0,0,0,0,0,0,2,0,0,0,0,0,1,0,0,0,0,0
2025020208,2025-11-04,15.616666666666667,3.0166666666666666,1.7166666666666666,9,1,1,8,1,1,11,3,1,11,3,1,1,0,0,4,0,0,0,0,0,3,0,0,0,0,0,1,0,0,1,0,0,3,0,0,0,0,0,2,0,0,0,0,0,2,0,0,5,1,0,0,0,0,0,0,0,0,0,0,9,2,0,0,0,0,1,0,0,0,0,0,14,1,4,2,0,0,2,0,1,0,0,0,5,1,0,0,0,0,0,0,0,0,0,0,6,2,0,0,0,0,1,0,0,0,0,0,9,1,4,1,0,0,2,0,1,0,0,0,2,1,0,0,0,0,0,0,0,0,0,0,3,2,0,0,0,0,1,0,0,0,0,0,6,1,4,1,0,0,1,0,1,0,0,0,0,0,0,0,0,0,0,0,0,0,0,0,0,1,0,0,0,0,0,0,0,0,0,0,0,0,0,1,0,0,0,0,0,0,0,0,0,0,0,0,0,0,0,0,0,0,0,0,0,1,0,0,0,0,0,0,0,0,0,0,0,0,0,1,0,0,0,0,0,0,0,0,0,0,0,0,0,0,0,0,0,0,0,0,0,1,0,0,0,0,0,0,0,0,0,0,0,0,0,0,0,0,0,0,0,0,0,0,1,0,0,0,0,0,0,0,0,0,0,0,1,0,0,0,0,0,0,0,0,0,0,0,2,0,1,0,0,0,0,0,0,0,0,0
2025020222,2025-11-06,13.283333333333333,2.6,1.7,7,1,2,7,1,2,8,2,1,9,3,1,1,1,0,11,1,0,1,0,0,7,1,0,0,0,0,2,0,0,0,0,0,4,0,1,0,0,0,0,0,0,0,0,0,0,0,0,3,1,0,0,0,0,2,0,0,0,0,0,6,2,0,0,0,0,4,0,0,0,0,0,10,2,1,0,0,0,2,0,0,0,0,0,1,1,0,0,0,0,2,0,0,0,0,0,3,2,0,0,0,0,4,0,0,0,0,0,8,1,0,0,0,0,1,0,0,0,0,0,1,0,0,0,0,0,2,0,0,0,0,0,3,1,0,0,0,0,3,0,0,0,0,0,5,1,0,0,0,0,1,0,0,0,0,0,0,0,0,0,0,0,0,0,0,0,0,0,1,1,0,0,0,0,0,0,0,0,0,0,2,0,0,0,0,0,0,0,0,0,0,0,0,0,0,0,0,0,0,0,0,0,0,0,0,1,0,0,0,0,0,0,0,0,0,0,2,0,0,0,0,0,0,0,0,0,0,0,0,0,0,0,0,0,0,0,0,0,0,0,0,1,0,0,0,0,0,0,0,0,0,0,2,0,0,0,0,0,0,0,0,0,0,0,0,0,0,0,0,0,1,0,0,0,0,0,1,0,0,0,0,0,3,0,0,0,0,0,2,0,0,0,0,0,0,0,0,0,0,0
2025020228,2025-11-07,12.583333333333334,0.9,2.0833333333333335,4,0,3,4,0,3,9,1,2,9,1,2,2,0,0,5,0,0,0,0,0,1,0,0,1,0,0,3,0,0,1,0,0,5,0,0,0,0,0,0,0,0,0,0,0,0,0,0,3,1,1,0,0,0,0,0,0,0,0,0,13,1,1,0,0,0,1,1,0,0,0,0,11,0,4,0,0,0,0,0,0,0,0,0,1,1,1,0,0,0,0,0,0,0,0,0,7,1,1,0,0,0,1,1,0,0,0,0,8,0,4,0,0,0,0,0,0,0,0,0,1,1,1,0,0,0,0,0,0,0,0,0,5,1,1,0,0,0,1,0,0,0,0,0,6,0,4,0,0,0,0,0,0,0,0,0,0,0,0,0,0,0,0,0,0,0,0,0,1,0,0,0,0,0,1,0,0,0,0,0,0,0,0,0,0,0,0,0,0,0,0,0,0,0,0,0,0,0,0,0,0,0,0,0,1,0,0,0,0,0,0,0,0,0,0,0,0,0,0,0,0,0,0,0,0,0,0,0,0,0,0,0,0,0,0,0,0,0,0,0,1,0,0,0,0,0,0,0,0,0,0,0,0,0,0,0,0,0,0,0,0,0,0,0,0,1,0,0,0,0,0,0,0,0,0,0,1,1,0,0,0,0,0,0,0,0,0,0,0,0,0,0,0,0,0,0,0,0,0,0
2025020249,2025-11-09,14.416666666666666,3.783333333333333,2.6,7,2,2,8,2,2,6,1,1,9,2,2,0,0,0,2,0,0,1,0,0,2,1,0,0,0,0,2,0,0,0,0,0,6,1,0,0,0,2,2,0,4,0,0,0,0,0,0,5,0,0,1,0,0,0,0,0,0,0,0,11,8,0,2,0,0,0,1,0,0,0,0,19,0,2,1,0,0,1,0,0,0,0,0,5,0,0,1,0,0,0,0,0,0,0,0,10,5,0,2,0,0,0,1,0,0,0,0,14,0,2,1,0,0,1,0,0,0,0,0,3,0,0,0,0,0,0,0,0,0,0,0,5,3,0,1,0,0,0,0,0,0,0,0,10,0,1,1,0,0,0,0,0,0,0,0,0,0,0,0,0,0,0,0,0,0,0,0,1,0,0,1,0,0,0,0,0,0,0,0,0,0,0,0,0,0,0,0,0,0,0,0,1,0,0,0,0,0,0,0,0,0,0,0,1,0,0,1,0,0,0,0,0,0,0,0,0,0,0,0,0,0,0,0,0,0,0,0,0,0,0,1,0,0,0,0,0,0,0,0,1,0,0,1,0,0,0,0,0,0,0,0,0,0,0,0,0,0,0,0,0,0,0,0,0,0,0,0,0,0,0,0,0,0,0,0,0,1,0,0,0,0,0,0,0,0,0,0,1,0,0,0,0,0,0,0,0,0,0,0
2025020261,2025-11-11,14.516666666666667,6.25,1.1,6,2,3,7,2,3,4,2,0,4,2,0,3,0,0,4,0,0,1,0,0,3,0,1,0,0,0,1,0,0,0,0,0,0,0,0,0,0,0,2,0,0,2,0,0,4,0,0,5,3,0,1,0,0,0,0,0,0,0,0,18,10,1,1,0,0,2,0,0,0,0,0,5,0,0,0,0,0,1,0,0,0,0,0,4,3,0,1,0,0,0,0,0,0,0,0,12,9,1,1,0,0,2,0,0,0,0,0,2,0,0,0,0,0,1,0,0,0,0,0,4,1,0,0,0,0,0,0,0,0,0,0,8,6,1,0,0,0,1,0,0,0,0,0,1,0,0,0,0,0,1,0,0,0,0,0,0,0,0,0,0,0,0,0,0,0,0,0,0,1,0,0,0,0,0,0,0,0,0,0,0,0,0,0,0,0,0,0,0,0,0,0,0,0,0,0,0,0,0,0,0,0,0,0,0,1,0,0,0,0,0,0,0,0,0,0,0,0,0,0,0,0,0,0,0,0,0,0,0,0,0,0,0,0,0,0,0,0,0,0,0,1,0,0,0,0,0,0,0,0,0,0,0,0,0,0,0,0,0,0,0,0,0,0,0,0,0,0,0,0,0,0,0,0,0,0,2,0,0,0,0,0,0,0,0,0,0,0,1,0,0,0,0,0,0,0,0,0,0,0
2025020284,2025-11-15,14.65,8.583333333333334,1.05,8,5,1,8,5,1,8,3,2,8,4,2,0,0,0,3,1,0,2,0,0,4,0,0,0,0,0,0,0,0,2,0,0,4,1,1,0,0,0,4,0,0,0,0,0,2,0,0,3,2,0,0,0,0,0,0,0,0,0,0,14,13,0,0,0,0,0,0,0,0,0,0,14,2,0,0,2,1,1,0,0,0,0,0,2,2,0,0,0,0,0,0,0,0,0,0,11,10,0,0,0,0,0,0,0,0,0,0,13,2,0,0,2,1,1,0,0,0,0,0,1,2,0,0,0,0,0,0,0,0,0,0,7,6,0,0,0,0,0,0,0,0,0,0,9,2,0,0,1,0,1,0,0,0,0,0,0,0,0,0,0,0,0,0,0,0,0,0,1,0,0,0,0,0,0,0,0,0,0,0,0,0,0,0,0,0,0,0,0,0,0,0,0,0,0,0,0,0,0,0,0,0,0,0,1,0,0,0,0,0,0,0,0,0,0,0,0,0,0,0,0,0,0,0,0,0,0,0,1,0,0,0,0,0,0,0,0,0,0,0,1,0,0,0,0,0,0,0,0,0,0,0,0,0,0,0,0,0,0,0,0,0,0,0,0,0,0,0,0,0,0,0,0,0,0,0,0,0,0,0,0,0,0,0,0,0,0,0,1,0,0,0,0,0,0,0,0,0,0,0
2025020298,2025-11-16,17.216666666666665,3.9166666666666665,3.4,7,1,5,5,1,5,5,3,2,5,3,2,2,0,0,6,0,0,0,0,0,3,0,0,0,0,0,2,0,1,1,0,0,2,1,2,0,0,0,0,0,0,0,2,0,6,2,0,4,0,0,0,0,0,0,0,0,0,0,0,14,6,1,1,0,0,0,0,0,0,0,0,15,0,6,0,0,0,0,0,2,0,0,0,4,0,0,0,0,0,0,0,0,0,0,0,11,3,1,1,0,0,0,0,0,0,0,0,9,0,3,0,0,0,0,0,2,0,0,0,3,0,0,0,0,0,0,0,0,0,0,0,10,2,1,0,0,0,0,0,0,0,0,0,6,0,2,0,0,0,0,0,2,0,0,0,1,0,0,0,0,0,0,0,0,0,0,0,1,0,0,0,0,0,0,0,0,0,0,0,0,0,0,0,0,0,0,0,1,0,0,0,0,0,0,0,0,0,0,0,0,0,0,0,1,0,0,0,0,0,0,0,0,0,0,0,0,0,0,0,0,0,0,0,1,0,0,0,0,0,0,0,0,0,0,0,0,0,0,0,1,0,0,0,0,0,0,0,0,0,0,0,0,0,0,0,0,0,0,0,1,0,0,0,0,0,0,0,0,0,0,0,0,0,0,0,0,0,0,0,0,0,0,0,0,0,0,0,0,0,2,0,0,0,0,0,0,0,0,0
2025020317,2025-11-19,16.466666666666665,1.8333333333333333,2.066666666666667,10,1,3,10,1,3,9,0,1,8,0,1,2,0,0,2,0,0,0,0,0,2,0,0,1,0,0,1,0,0,1,0,0,3,0,0,0,0,0,0,0,0,0,0,0,2,0,0,2,0,0,0,0,1,0,0,0,0,0,0,7,1,0,0,0,1,0,0,0,0,0,0,21,1,2,0,0,0,0,0,0,0,0,0,2,0,0,0,0,1,0,0,0,0,0,0,7,1,0,0,0,1,0,0,0,0,0,0,15,1,2,0,0,0,0,0,0,0,0,0,2,0,0,0,0,1,0,0,0,0,0,0,5,1,0,0,0,1,0,0,0,0,0,0,11,0,2,0,0,0,0,0,0,0,0,0,0,0,0,0,0,0,0,0,0,0,0,0,0,0,0,0,0,0,0,0,0,0,0,0,1,0,0,0,0,0,0,0,0,0,0,0,0,0,0,0,0,0,0,0,0,0,0,0,0,0,0,0,0,0,0,0,0,0,0,0,1,0,0,0,0,0,0,0,0,0,0,0,0,0,0,0,0,0,0,0,0,0,0,0,0,0,0,0,0,0,0,0,0,0,0,0,1,0,0,0,0,0,0,0,0,0,0,0,0,0,0,0,0,0,0,0,0,0,0,0,0,0,0,0,0,0,0,0,0,0,0,0,0,0,0,0,0,0,0,0,0,0,0,0
2025020332,2025-11-21,10.45,4.25,1.9333333333333333,4,3,3,4,3,3,4,2,1,4,2,1,0,0,0,2,0,0,0,0,0,3,1,0,0,0,0,2,0,0,0,0,0,2,1,0,0,0,0,2,0,0,0,0,0,0,0,0,0,3,1,0,0,0,0,0,0,0,0,0,9,6,2,1,0,0,1,0,0,0,0,0,8,0,2,1,0,0,0,0,1,0,0,0,0,3,0,0,0,0,0,0,0,0,0,0,7,6,0,1,0,0,1,0,0,0,0,0,7,0,2,0,0,0,0,0,1,0,0,0,0,2,0,0,0,0,0,0,0,0,0,0,6,2,0,1,0,0,0,0,0,0,0,0,5,0,1,0,0,0,0,0,0,0,0,0,0,1,0,0,0,0,0,0,0,0,0,0,2,1,0,1,0,0,0,0,0,0,0,0,0,0,0,0,0,0,0,0,0,0,0,0,0,0,0,0,0,0,0,0,0,0,0,0,2,1,0,1,0,0,0,0,0,0,0,0,0,0,0,0,0,0,0,0,0,0,0,0,1,0,0,0,0,0,0,0,0,0,0,0,2,1,0,0,0,0,0,0,0,0,0,0,0,0,0,0,0,0,0,0,0,0,0,0,0,0,0,0,0,0,0,0,0,0,0,0,1,0,0,0,0,0,0,0,0,0,0,0,0,0,1,0,0,0,0,0,0,0,0,0
2025020348,2025-11-23,14.983333333333333,1.4666666666666666,3.1333333333333333,5,2,2,5,2,2,6,0,3,6,0,3,1,0,0,4,0,0,2,0,0,4,1,0,0,0,0,1,1,0,0,0,0,3,1,0,0,0,0,2,0,0,0,0,0,4,2,0,2,0,0,0,0,0,0,0,0,0,0,0,11,2,1,0,0,0,1,0,0,0,0,0,9,0,5,1,0,0,4,0,0,0,0,0,2,0,0,0,0,0,0,0,0,0,0,0,7,2,1,0,0,0,1,0,0,0,0,0,7,0,2,1,0,0,3,0,0,0,0,0,2,0,0,0,0,0,0,0,0,0,0,0,6,2,1,0,0,0,1,0,0,0,0,0,5,0,2,1,0,0,1,0,0,0,0,0,0,0,0,0,0,0,0,0,0,0,0,0,0,0,0,0,0,0,0,0,0,0,0,0,0,0,0,0,0,0,0,0,0,0,0,0,0,0,0,0,0,0,0,0,0,0,0,0,0,0,0,0,0,0,0,0,0,0,0,0,0,0,0,0,0,0,0,0,0,0,0,0,0,0,0,0,0,0,0,0,0,0,0,0,0,0,0,0,0,0,0,0,0,0,0,0,0,0,0,0,0,0,0,0,0,0,0,0,0,0,0,0,0,0,0,0,0,0,0,0,1,0,0,0,0,0,0,0,0,0,0,0,2,0,0,0,0,0,2,0,0,0,0,0
2025020370,2025-11-26,15.783333333333333,5.016666666666667,2.7333333333333334,7,2,2,8,1,2,7,3,2,7,3,2,2,0,0,6,0,0,1,0,0,4,1,0,0,0,0,1,0,0,0,0,0,4,0,0,2,0,0,9,0,0,0,0,0,7,0,0,1,1,0,0,0,0,0,0,0,0,0,0,13,6,0,0,0,0,2,0,0,0,0,0,11,1,4,3,0,0,1,0,1,1,0,0,1,1,0,0,0,0,0,0,0,0,0,0,11,6,0,0,0,0,2,0,0,0,0,0,10,1,4,3,0,0,1,0,1,1,0,0,1,1,0,0,0,0,0,0,0,0,0,0,7,2,0,0,0,0,2,0,0,0,0,0,6,1,1,2,0,0,1,0,1,1,0,0,0,0,0,0,0,0,0,0,0,0,0,0,1,0,0,0,0,0,1,0,0,0,0,0,0,0,0,0,0,0,0,0,0,0,0,0,0,0,0,0,0,0,0,0,0,0,0,0,1,0,0,0,0,0,1,0,0,0,0,0,0,0,0,0,0,0,0,0,0,0,0,0,0,1,0,0,0,0,0,0,0,0,0,0,1,0,0,0,0,0,1,0,0,0,0,0,0,0,0,0,0,0,0,0,0,0,0,0,0,0,0,0,0,0,0,0,0,0,0,0,2,0,0,0,0,0,0,0,0,0,0,0,1,0,1,1,0,0,0,0,0,0,0,0
2025020378,2025-11-28,21.083333333333332,0.8166666666666667,0.5166666666666667,8,0,1,8,0,1,11,1,0,10,1,0,1,0,0,4,0,0,1,0,0,4,0,0,0,0,0,1,0,0,0,0,0,6,1,0,0,0,0,0,0,0,0,0,0,0,0,0,6,0,0,0,0,0,0,0,0,0,0,0,17,0,0,1,0,0,1,0,0,0,0,0,23,0,0,0,0,0,1,0,0,0,0,0,6,0,0,0,0,0,0,0,0,0,0,0,14,0,0,1,0,0,1,0,0,0,0,0,16,0,0,0,0,0,1,0,0,0,0,0,4,0,0,0,0,0,0,0,0,0,0,0,10,0,0,0,0,0,1,0,0,0,0,0,9,0,0,0,0,0,0,0,0,0,0,0,0,0,0,0,0,0,0,0,0,0,0,0,0,0,0,0,0,0,0,0,0,0,0,0,1,0,0,0,0,0,0,0,0,0,0,0,0,0,0,0,0,0,0,0,0,0,0,0,0,0,0,0,0,0,0,0,0,0,0,0,1,0,0,0,0,0,0,0,0,0,0,0,0,0,0,0,0,0,0,0,0,0,0,0,0,0,0,0,0,0,0,0,0,0,0,0,1,0,0,0,0,0,0,0,0,0,0,0,0,0,0,0,0,0,0,0,0,0,0,0,1,0,0,0,0,0,0,0,0,0,0,0,1,0,0,0,0,0,0,0,0,0,0,0
2025020399,2025-11-29,17.483333333333334,2.5833333333333335,2.2666666666666666,12,1,2,10,1,2,4,1,0,3,2,0,2,0,0,5,0,0,2,0,0,4,1,1,2,0,0,3,0,0,1,0,0,2,1,1,0,0,0,2,0,0,0,0,0,2,2,0,2,0,0,0,0,0,0,0,0,0,0,0,10,3,0,0,0,0,0,0,0,0,0,0,13,0,3,0,0,0,0,0,0,0,0,0,2,0,0,0,0,0,0,0,0,0,0,0,9,3,0,0,0,0,0,0,0,0,0,0,9,0,1,0,0,0,0,0,0,0,0,0,2,0,0,0,0,0,0,0,0,0,0,0,6,2,0,0,0,0,0,0,0,0,0,0,9,0,1,0,0,0,0,0,0,0,0,0,0,0,0,0,0,0,0,0,0,0,0,0,1,0,0,0,0,0,0,0,0,0,0,0,0,0,0,0,0,0,0,0,0,0,0,0,0,0,0,0,0,0,0,0,0,0,0,0,0,0,0,0,0,0,0,0,0,0,0,0,0,0,0,0,0,0,0,0,0,0,0,0,0,0,0,0,0,0,0,0,0,0,0,0,0,0,0,0,0,0,0,0,0,0,0,0,0,0,0,0,0,0,0,0,0,0,0,0,0,0,0,0,0,0,0,0,0,0,0,0,0,0,0,0,0,0,0,0,0,0,0,0,0,0,0,0,0,0,0,0,0,0,0,0
2025020418,2025-12-02,14.85,2.716666666666667,0.9166666666666666,7,1,0,7,1,0,8,0,2,8,1,2,1,0,0,5,0,0,1,0,0,4,1,0,0,0,0,2,0,0,1,0,0,3,1,0,0,0,0,2,0,0,0,0,0,2,0,0,2,0,0,1,0,0,0,1,0,0,2,0,8,4,0,1,2,0,0,2,0,0,2,0,15,0,2,1,0,0,1,0,0,0,0,0,1,0,0,1,0,0,0,1,0,0,2,0,6,2,0,1,1,0,0,2,0,0,2,0,13,0,0,1,0,0,1,0,0,0,0,0,0,0,0,1,0,0,0,1,0,0,0,0,4,1,0,1,1,0,0,2,0,0,0,0,7,0,0,0,0,0,0,0,0,0,0,0,0,0,0,0,0,0,0,0,0,0,0,0,0,0,0,0,0,0,0,0,0,0,0,0,0,0,0,0,0,0,0,0,0,0,0,0,0,0,0,0,0,0,0,0,0,0,0,0,0,0,0,0,0,0,0,0,0,0,0,0,0,0,0,0,0,0,0,0,0,0,0,0,0,0,0,0,0,0,0,0,0,0,0,0,0,0,0,0,0,0,0,0,0,0,0,0,0,0,0,0,0,0,0,0,0,0,0,0,0,0,0,0,0,0,0,1,0,0,1,0,0,2,0,0,0,0,0,1,0,0,1,0,1,0,0,0,0,0,0,0,0,0,0,0
2025020433,2025-12-04,14.1,4.716666666666667,0.43333333333333335,6,0,2,8,0,2,9,4,0,9,4,0,4,0,0,5,0,0,1,0,0,7,1,0,2,0,0,2,0,0,0,0,0,4,2,1,0,0,0,0,0,2,0,0,0,0,0,0,2,1,0,0,0,0,0,0,0,0,0,0,7,7,0,0,0,0,4,0,0,0,0,0,14,1,1,0,0,0,0,0,0,0,0,0,2,1,0,0,0,0,0,0,0,0,0,0,6,6,0,0,0,0,3,0,0,0,0,0,10,1,1,0,0,0,0,0,0,0,0,0,2,1,0,0,0,0,0,0,0,0,0,0,5,5,0,0,0,0,3,0,0,0,0,0,9,1,0,0,0,0,0,0,0,0,0,0,0,0,0,0,0,0,0,0,0,0,0,0,0,0,0,0,0,0,0,0,0,0,0,0,3,0,0,0,0,0,0,0,0,0,0,0,0,0,0,0,0,0,0,0,0,0,0,0,0,0,0,0,0,0,0,0,0,0,0,0,2,0,0,0,0,0,0,0,0,0,0,0,0,0,0,0,0,0,0,0,0,0,0,0,0,0,0,0,0,0,0,0,0,0,0,0,2,0,0,0,0,0,0,0,0,0,0,0,0,0,0,0,0,0,0,0,0,0,0,0,2,0,0,0,0,0,2,0,0,0,0,0,0,0,0,0,0,0,0,0,0,0,0,0
2025020451,2025-12-06,16.716666666666665,2.55,0.6333333333333333,7,1,0,8,1,0,10,2,0,11,2,0,2,0,0,4,0,0,1,0,0,5,0,0,0,0,0,2,0,0,1,0,0,6,0,0,0,0,0,4,0,0,0,0,0,2,2,0,4,1,0,1,0,0,0,0,0,0,0,0,15,5,0,2,1,0,1,0,0,0,0,0,8,1,0,0,0,0,0,0,0,0,0,0,3,1,0,1,0,0,0,0,0,0,0,0,13,5,0,2,0,0,1,0,0,0,0,0,5,1,0,0,0,0,0,0,0,0,0,0,1,0,0,1,0,0,0,0,0,0,0,0,8,2,0,2,0,0,1,0,0,0,0,0,3,1,0,0,0,0,0,0,0,0,0,0,0,0,0,0,0,0,0,0,0,0,0,0,0,1,0,0,0,0,0,0,0,0,0,0,0,0,0,0,0,0,0,0,0,0,0,0,0,0,0,0,0,0,0,0,0,0,0,0,0,1,0,0,0,0,0,0,0,0,0,0,0,0,0,0,0,0,0,0,0,0,0,0,0,0,0,0,0,0,0,0,0,0,0,0,0,1,0,0,0,0,0,0,0,0,0,0,0,0,0,0,0,0,0,0,0,0,0,0,0,0,0,0,0,0,0,0,0,0,0,0,1,0,0,0,0,0,0,0,0,0,0,0,0,0,0,0,0,0,0,0,0,0,0,0
2025020465,2025-12-08,15.033333333333333,4.2,1.8333333333333333,5,2,2,6,3,2,7,2,0,7,2,0,0,0,0,3,0,0,1,0,0,4,1,0,0,0,0,2,0,0,1,0,1,4,0,1,2,0,0,4,0,0,0,0,0,4,0,0,5,1,0,0,0,0,0,1,0,0,0,0,19,9,0,1,1,0,1,2,0,0,0,0,14,0,4,2,0,0,1,0,0,0,0,0,4,1,0,0,0,0,0,1,0,0,0,0,12,8,0,1,1,0,1,1,0,0,0,0,10,0,2,2,0,0,1,0,0,0,0,0,4,1,0,0,0,0,0,1,0,0,0,0,6,5,0,1,0,0,1,1,0,0,0,0,6,0,2,0,0,0,1,0,0,0,0,0,1,0,0,0,0,0,0,0,0,0,0,0,2,0,0,1,0,0,0,0,0,0,0,0,0,0,1,0,0,0,0,0,0,0,0,0,1,0,0,1,0,0,0,0,0,0,0,0,2,0,0,1,0,0,0,0,0,0,0,0,0,0,1,0,0,0,0,0,0,0,0,0,0,0,0,0,0,0,0,0,0,0,0,0,1,0,0,0,0,0,0,0,0,0,0,0,0,0,1,0,0,0,0,0,0,0,0,0,0,0,0,0,0,0,0,0,0,0,0,0,1,2,0,0,0,0,0,0,0,0,0,0,1,0,0,0,0,0,0,0,0,0,0,0
2025020488,2025-12-11,16.5,4.383333333333334,0.6833333333333333,6,3,2,8,3,2,11,4,0,11,4,0,1,0,0,2,0,0,1,0,0,4,1,0,0,0,0,1,0,0,1,0,0,2,1,0,2,0,0,4,0,0,0,0,0,0,0,0,2,0,0,0,0,0,1,3,0,0,0,0,20,3,0,0,0,0,3,4,0,0,0,0,16,2,3,1,0,0,2,0,0,0,0,0,2,0,0,0,0,0,1,3,0,0,0,0,13,3,0,0,0,0,2,4,0,0,0,0,11,2,1,0,0,0,2,0,0,0,0,0,1,0,0,0,0,0,1,3,0,0,0,0,9,0,0,0,0,0,1,3,0,0,0,0,6,2,1,0,0,0,0,0,0,0,0,0,0,0,0,0,0,0,1,0,0,0,0,0,2,0,0,0,0,0,1,0,0,0,0,0,0,1,1,0,0,0,0,0,0,0,0,0,0,0,0,0,0,0,0,0,0,0,0,0,2,0,0,0,0,0,1,0,0,0,0,0,0,1,1,0,0,0,0,0,0,0,0,0,1,0,0,0,0,0,0,0,0,0,0,0,1,0,0,0,0,0,0,0,0,0,0,0,0,1,1,0,0,0,0,0,0,0,0,0,0,0,0,0,0,0,0,2,0,0,0,0,3,1,0,0,0,0,0,3,0,0,0,0,2,0,0,0,0,0,0,0,0,0,0,0
2025020496,2025-12-13,15.066666666666666,3.1166666666666667,1.9833333333333334,7,3,1,7,3,1,11,1,3,12,2,3,2,0,0,4,0,0,1,0,0,9,0,0,0,0,0,2,0,0,2,0,0,4,1,2,4,0,0,4,0,0,2,0,2,4,0,2,2,0,0,1,0,0,0,0,0,0,0,0,7,3,0,3,0,0,0,0,0,0,0,0,16,1,6,1,0,0,0,0,1,0,0,0,1,0,0,1,0,0,0,0,0,0,0,0,6,2,0,3,0,0,0,0,0,0,0,0,10,1,4,1,0,0,0,0,1,0,0,0,1,0,0,1,0,0,0,0,0,0,0,0,4,2,0,2,0,0,0,0,0,0,0,0,4,1,2,1,0,0,0,0,1,0,0,0,0,0,0,1,0,0,0,0,0,0,0,0,0,0,0,1,0,0,0,0,0,0,0,0,0,0,1,0,0,0,0,0,0,0,0,0,0,0,0,0,0,0,0,0,0,0,0,0,0,0,0,1,0,0,0,0,0,0,0,0,0,0,1,0,0,0,0,0,0,0,0,0,0,0,0,0,0,0,0,0,0,0,0,0,0,0,0,0,0,0,0,0,0,0,0,0,0,0,1,0,0,0,0,0,0,0,0,0,0,0,0,0,0,0,0,0,0,0,0,0,0,0,0,0,0,0,0,0,0,0,0,0,0,0,1,0,0,0,0,0,0,0,0,0
2025020511,2025-12-14,11.25,2.3833333333333333,1.2,6,1,2,7,1,2,8,2,0,9,2,0,1,0,0,1,0,0,0,0,0,4,0,0,0,0,0,1,1,0,2,0,0,3,0,0,0,0,0,0,0,0,0,0,0,0,0,0,1,0,0,0,0,0,1,0,0,0,0,0,10,0,0,0,0,0,4,0,0,0,0,0,10,0,1,0,0,0,1,0,0,0,0,0,1,0,0,0,0,0,1,0,0,0,0,0,7,0,0,0,0,0,3,0,0,0,0,0,7,0,1,0,0,0,0,0,0,0,0,0,1,0,0,0,0,0,0,0,0,0,0,0,6,0,0,0,0,0,2,0,0,0,0,0,2,0,0,0,0,0,0,0,0,0,0,0,0,0,0,0,0,0,0,0,0,0,0,0,1,0,0,0,0,0,1,0,0,0,0,0,0,0,0,0,0,0,0,0,0,0,0,0,0,0,0,0,0,0,0,0,0,0,0,0,1,0,0,0,0,0,1,0,0,0,0,0,0,0,0,0,0,0,0,0,0,0,0,0,0,0,0,0,0,0,1,0,0,0,0,0,0,0,0,0,0,0,1,0,0,0,0,0,0,0,0,0,0,0,0,0,0,0,0,0,0,0,0,0,0,0,0,0,0,0,0,0,4,0,0,0,0,0,0,0,0,0,0,0,1,0,0,0,0,0,0,0,0,0,0,0
2025020526,2025-12-16,11.1,4.966666666666667,1.4166666666666667,8,5,0,8,5,0,5,2,3,7,2,3,0,0,0,2,0,0,2,0,0,4,0,0,0,0,0,0,1,0,0,0,1,5,0,1,0,0,0,2,0,0,0,0,0,2,0,0,2,1,0,0,0,0,0,0,0,0,0,0,9,11,0,0,0,0,0,2,0,0,0,0,8,1,3,2,0,0,0,0,1,0,0,0,1,1,0,0,0,0,0,0,0,0,0,0,7,9,0,0,0,0,0,2,0,0,0,0,5,1,1,1,0,0,0,0,1,0,0,0,1,0,0,0,0,0,0,0,0,0,0,0,6,3,0,0,0,0,0,1,0,0,0,0,1,1,1,1,0,0,0,0,1,0,0,0,0,0,0,0,0,0,0,0,0,0,0,0,0,0,0,0,0,0,0,1,0,0,0,0,0,0,0,0,0,0,0,0,0,0,0,0,0,0,0,0,0,0,0,1,0,0,0,0,0,0,0,0,0,0,0,1,0,0,0,0,0,0,0,0,0,0,0,0,0,0,0,0,0,0,0,0,0,0,0,0,0,0,0,0,0,0,0,0,0,0,0,1,0,0,0,0,0,0,0,0,0,0,0,0,0,0,0,0,0,0,0,0,0,0,0,0,0,0,0,0,0,2,0,0,0,0,0,0,0,0,0,0,0,0,1,0,0,0,0,0,0,0,0,0
2025020540,2025-12-18,16.583333333333332,1.3166666666666667,0.7166666666666667,9,0,0,9,0,0,11,1,3,14,1,3,1,0,0,2,0,0,1,0,0,8,0,0,0,0,0,3,1,0,1,0,0,8,1,0,0,0,0,0,0,0,0,0,0,0,0,0,3,0,0,0,0,0,1,0,0,1,0,0,18,1,0,1,0,0,1,0,0,1,0,0,16,0,2,3,0,0,0,0,0,0,0,0,1,0,0,0,0,0,1,0,0,1,0,0,12,1,0,1,0,0,1,0,0,1,0,0,10,0,2,3,0,0,0,0,0,0,0,0,0,0,0,0,0,0,1,0,0,1,0,0,7,1,0,0,0,0,1,0,0,1,0,0,6,0,2,2,0,0,0,0,0,0,0,0,0,0,0,0,0,0,1,0,0,0,0,0,2,0,0,0,0,0,1,0,0,0,0,0,1,0,0,0,0,0,0,0,0,0,0,0,0,0,0,0,0,0,0,0,0,0,0,0,2,0,0,0,0,0,1,0,0,0,0,0,1,0,0,0,0,0,0,0,0,0,0,0,1,0,0,0,0,0,0,0,0,0,0,0,1,0,0,0,0,0,1,0,0,0,0,0,1,0,0,0,0,0,0,0,0,0,0,0,0,0,0,0,0,0,0,0,0,1,0,0,0,0,0,1,0,0,0,0,0,1,0,0,0,0,0,0,0,0,0,0,0,0,0,0
2025020552,2025-12-20,16.1,1.9333333333333333,2.1,5,0,1,5,0,1,8,1,0,8,2,0,2,1,0,2,1,0,2,0,0,7,0,1,0,0,0,1,0,0,2,0,0,7,0,0,0,0,0,0,0,0,0,0,0,0,0,0,3,1,0,0,0,0,0,0,0,0,0,0,15,2,1,0,0,0,2,0,0,0,0,0,20,1,3,0,0,0,2,1,1,0,0,0,3,1,0,0,0,0,0,0,0,0,0,0,14,2,1,0,0,0,2,0,0,0,0,0,12,1,1,0,0,0,1,1,0,0,0,0,3,0,0,0,0,0,0,0,0,0,0,0,12,1,1,0,0,0,1,0,0,0,0,0,8,1,0,0,0,0,1,1,0,0,0,0,0,0,0,0,0,0,0,0,0,0,0,0,1,1,0,0,0,0,1,0,0,0,0,0,1,0,0,0,0,0,0,0,0,0,0,0,0,0,0,0,0,0,0,0,0,0,0,0,0,1,0,0,0,0,1,0,0,0,0,0,1,0,0,0,0,0,0,0,0,0,0,0,0,0,0,0,0,0,0,0,0,0,0,0,0,1,0,0,0,0,0,0,0,0,0,0,1,0,0,0,0,0,0,0,0,0,0,0,0,0,0,0,0,0,0,0,0,0,0,0,1,0,0,0,0,0,1,0,0,0,0,0,2,1,1,0,0,0,0,0,0,0,0,0
2025020563,2025-12-21,13.55,4.383333333333334,2.466666666666667,8,3,2,9,3,2,13,1,3,14,1,3,1,0,0,1,0,0,1,0,0,7,0,0,0,0,0,1,0,0,0,0,0,5,1,0,0,0,0,2,0,0,0,0,0,0,0,0,3,0,0,0,0,0,1,0,0,1,0,0,15,7,1,2,0,0,2,2,0,1,0,0,13,2,7,0,0,0,3,0,0,0,0,0,3,0,0,0,0,0,1,0,0,1,0,0,9,6,1,2,0,0,1,2,0,1,0,0,10,1,5,0,0,0,3,0,0,0,0,0,3,0,0,0,0,0,0,0,0,0,0,0,6,3,1,2,0,0,0,1,0,0,0,0,7,1,4,0,0,0,2,0,0,0,0,0,0,0,0,0,0,0,0,0,0,0,0,0,0,0,0,0,0,0,0,0,0,0,0,0,1,0,1,0,0,0,0,0,0,0,0,0,0,0,0,0,0,0,0,0,0,0,0,0,0,0,0,0,0,0,0,0,0,0,0,0,1,0,1,0,0,0,0,0,0,0,0,0,0,0,0,0,0,0,0,0,0,0,0,0,0,0,0,0,0,0,0,0,0,0,0,0,1,0,1,0,0,0,0,0,0,0,0,0,1,0,0,0,0,0,0,0,0,0,0,0,2,1,0,1,0,0,0,1,0,0,0,0,3,0,0,0,0,0,0,0,0,0,0,0
2025020582,2025-12-23,11.816666666666666,3.0833333333333335,2.533333333333333,3,0,1,2,0,1,7,2,3,6,3,3,2,0,0,3,0,0,1,0,0,5,1,0,0,0,0,0,0,0,0,3,0,3,3,0,0,0,0,4,0,0,2,0,0,4,0,0,2,0,1,0,0,0,2,0,0,0,0,0,16,2,1,3,0,0,4,0,0,0,0,0,4,1,6,0,0,0,0,0,0,0,0,0,2,0,0,0,0,0,2,0,0,0,0,0,12,2,0,3,0,0,4,0,0,0,0,0,4,1,6,0,0,0,0,0,0,0,0,0,2,0,0,0,0,0,2,0,0,0,0,0,9,2,0,0,0,0,4,0,0,0,0,0,3,1,3,0,0,0,0,0,0,0,0,0,0,0,0,0,0,0,1,0,0,0,0,0,0,0,0,0,0,0,1,0,0,0,0,0,0,0,1,0,0,0,0,0,0,0,0,0,0,0,0,0,0,0,0,0,0,0,0,0,0,0,0,0,0,0,1,0,0,0,0,0,0,0,1,0,0,0,0,0,0,0,0,0,0,0,0,0,0,0,0,0,0,0,0,0,0,0,0,0,0,0,1,0,0,0,0,0,0,0,1,0,0,0,0,0,0,0,0,0,1,0,0,0,0,0,0,0,0,0,0,0,4,0,0,0,0,0,0,0,0,0,0,0,0,0,0,0,0,0,0,0,0,0,0,0
2025020594,2025-12-27,12.133333333333333,4.516666666666667,2.1,5,5,2,4,5,2,9,1,1,9,1,1,0,0,0,4,0,0,1,0,0,2,1,0,0,0,1,0,0,1,0,0,0,5,2,0,2,0,0,7,0,0,0,0,0,5,0,0,4,0,0,0,0,0,3,0,0,0,0,0,15,7,0,0,0,0,4,1,0,0,0,0,8,1,3,0,0,1,1,0,0,0,0,0,3,0,0,0,0,0,1,0,0,0,0,0,10,5,0,0,0,0,2,1,0,0,0,0,5,0,2,0,0,1,1,0,0,0,0,0,2,0,0,0,0,0,1,0,0,0,0,0,6,1,0,0,0,0,2,1,0,0,0,0,2,0,2,0,0,1,0,0,0,0,0,0,0,0,0,0,0,0,0,0,0,0,0,0,0,0,0,0,0,0,0,1,0,0,0,0,1,0,0,0,0,0,0,0,0,0,0,0,0,0,0,0,0,0,0,0,0,0,0,0,0,0,0,0,0,0,0,1,0,0,0,0,1,0,0,0,0,0,0,0,0,0,0,0,0,0,0,0,0,0,0,0,0,0,0,0,0,0,0,0,0,0,0,1,0,0,0,0,1,0,0,0,0,0,0,0,0,0,0,0,2,0,0,0,0,0,1,0,0,0,0,0,3,1,0,0,0,0,1,0,0,0,0,0,1,0,0,0,0,0,0,0,0,0,0,0
2025020614,2025-12-29,10.716666666666667,4.216666666666667,1.3666666666666667,5,0,1,5,1,2,0,1,1,0,1,1,1,0,0,3,0,0,1,0,0,7,1,1,0,0,0,0,0,0,0,0,0,5,1,0,0,0,0,2,0,0,0,0,0,2,0,0,1,1,0,0,0,0,0,0,0,0,0,0,12,8,0,0,0,0,0,1,0,0,0,0,4,1,3,1,0,0,0,0,0,0,0,0,1,1,0,0,0,0,0,0,0,0,0,0,12,5,0,0,0,0,0,1,0,0,0,0,3,1,2,0,0,0,0,0,0,0,0,0,1,1,0,0,0,0,0,0,0,0,0,0,7,4,0,0,0,0,0,0,0,0,0,0,1,1,1,0,0,0,0,0,0,0,0,0,1,0,0,0,0,0,0,0,0,0,0,0,4,0,0,0,0,0,0,0,0,0,0,0,0,0,0,0,0,0,0,0,0,0,0,0,1,0,0,0,0,0,0,0,0,0,0,0,4,0,0,0,0,0,0,0,0,0,0,0,0,0,0,0,0,0,0,0,0,0,0,0,0,0,0,0,0,0,0,0,0,0,0,0,4,0,0,0,0,0,0,0,0,0,0,0,0,0,0,0,0,0,0,0,0,0,0,0,0,0,0,0,0,0,0,0,0,0,0,0,0,1,0,0,0,0,0,0,0,0,0,0,0,0,0,0,0,0,0,0,0,0,0,0
2025020625,2025-12-31,18.283333333333335,1.4833333333333334,0.5166666666666667,8,0,0,9,0,0,11,2,1,10,2,1,2,0,0,5,0,0,3,0,0,6,0,0,0,0,0,1,0,0,1,0,0,3,0,0,0,0,0,0,0,0,0,0,0,2,0,0,6,0,0,0,0,0,2,1,0,0,0,0,15,3,0,3,0,0,3,1,0,0,0,0,9,0,1,0,0,0,0,0,0,0,0,0,5,0,0,0,0,0,2,0,0,0,0,0,9,2,0,2,0,0,2,0,0,0,0,0,8,0,1,0,0,0,0,0,0,0,0,0,2,0,0,0,0,0,0,0,0,0,0,0,4,1,0,1,0,0,0,0,0,0,0,0,5,0,1,0,0,0,0,0,0,0,0,0,0,0,0,0,0,0,0,0,0,0,0,0,1,0,0,1,0,0,0,0,0,0,0,0,1,0,0,0,0,0,0,0,0,0,0,0,0,0,0,0,0,0,0,0,0,0,0,0,1,0,0,0,0,0,0,0,0,0,0,0,1,0,0,0,0,0,0,0,0,0,0,0,0,0,0,0,0,0,0,0,0,0,0,0,1,0,0,0,0,0,0,0,0,0,0,0,0,0,0,0,0,0,0,0,0,0,0,0,2,0,0,0,0,0,0,0,0,0,0,0,3,1,0,0,0,0,0,0,0,0,0,0,0,0,0,0,0,0,0,0,0,0,0,0
2025020643,2026-01-02,14.283333333333333,3.25,1.1666666666666667,3,5,0,3,5,0,7,2,0,7,2,0,1,0,0,3,0,0,0,0,0,10,0,0,0,0,0,1,0,0,0,0,0,2,0,0,0,0,0,4,0,0,0,0,0,0,0,0,0,1,0,1,0,0,0,1,0,0,0,0,12,10,0,2,0,0,1,1,0,0,0,0,14,1,3,0,0,0,1,0,0,0,0,0,0,1,0,0,0,0,0,1,0,0,0,0,10,7,0,1,0,0,1,1,0,0,0,0,11,1,3,0,0,0,1,0,0,0,0,0,0,1,0,0,0,0,0,1,0,0,0,0,6,5,0,0,0,0,1,1,0,0,0,0,6,1,2,0,0,0,0,0,0,0,0,0,0,0,0,0,0,0,0,0,0,0,0,0,1,1,0,0,0,0,0,0,0,0,0,0,0,0,0,0,0,0,0,0,0,0,0,0,0,1,0,0,0,0,0,0,0,0,0,0,1,1,0,0,0,0,0,0,0,0,0,0,0,0,0,0,0,0,0,0,0,0,0,0,1,0,0,0,0,0,0,0,0,0,0,0,1,1,0,0,0,0,0,0,0,0,0,0,0,0,0,0,0,0,0,0,0,0,0,0,0,1,0,0,0,0,0,0,0,0,0,0,1,1,0,0,0,0,0,0,0,0,0,0,1,0,0,0,0,0,0,0,0,0,0,0
2025020655,2026-01-03,16.033333333333335,5.016666666666667,2.15,8,3,1,8,3,0,9,1,2,6,1,1,0,1,0,1,1,0,3,0,0,6,0,1,0,0,0,0,0,0,2,0,0,4,1,0,0,0,0,4,0,0,2,0,0,2,0,0,4,2,0,0,0,0,0,0,0,0,0,0,16,9,0,0,0,0,0,0,0,0,0,0,18,0,1,0,0,0,2,0,0,0,0,0,4,2,0,0,0,0,0,0,0,0,0,0,12,8,0,0,0,0,0,0,0,0,0,0,12,0,1,0,0,0,2,0,0,0,0,0,4,1,0,0,0,0,0,0,0,0,0,0,8,5,0,0,0,0,0,0,0,0,0,0,8,0,0,0,0,0,1,0,0,0,0,0,0,1,0,0,0,0,0,0,0,0,0,0,1,1,0,0,0,0,0,0,0,0,0,0,0,0,0,0,0,0,0,0,0,0,0,0,0,0,0,0,0,0,0,0,0,0,0,0,1,1,0,0,0,0,0,0,0,0,0,0,0,0,0,0,0,0,0,0,0,0,0,0,0,0,0,0,0,0,0,0,0,0,0,0,1,0,0,0,0,0,0,0,0,0,0,0,0,0,0,0,0,0,0,0,0,0,0,0,0,0,0,0,0,0,0,0,0,0,0,0,0,0,0,0,0,0,0,0,0,0,0,0,2,0,0,0,0,0,0,0,0,0,0,0
2025020666,2026-01-05,14.366666666666667,6.083333333333333,0.5666666666666667,9,4,0,9,5,0,9,1,1,9,1,1,0,0,0,3,0,0,1,0,0,4,0,0,0,0,0,1,2,0,0,1,0,5,3,0,2,0,0,2,0,0,0,0,0,0,0,0,4,1,0,0,0,0,0,3,0,0,0,0,13,8,0,0,0,0,1,6,0,0,0,0,24,0,0,1,0,0,1,0,0,0,0,0,4,1,0,0,0,0,0,3,0,0,0,0,10,5,0,0,0,0,1,6,0,0,0,0,18,0,0,0,0,0,1,0,0,0,0,0,3,1,0,0,0,0,0,1,0,0,0,0,7,4,0,0,0,0,1,2,0,0,0,0,13,0,0,0,0,0,0,0,0,0,0,0,0,0,0,0,0,0,0,0,0,0,0,0,0,0,0,0,0,0,0,0,0,0,0,0,1,0,0,0,0,0,0,0,0,0,0,0,0,0,0,0,0,0,0,0,0,0,0,0,0,0,0,0,0,0,0,0,0,0,0,0,1,0,0,0,0,0,0,0,0,0,0,0,0,0,0,0,0,0,0,0,0,0,0,0,0,0,0,0,0,0,0,0,0,0,0,0,1,0,0,0,0,0,0,0,0,0,0,0,0,1,0,0,0,0,0,1,0,0,0,0,1,3,0,0,0,0,0,3,0,0,0,0,1,0,0,0,0,0,0,0,0,0,0,0
2025020693,2026-01-08,5.983333333333333,0.9166666666666666,1.05,3,0,1,3,0,1,1,0,0,2,1,0,0,0,0,1,0,0,0,0,0,1,0,0,0,0,0,0,0,1,1,0,0,4,1,0,0,0,0,2,0,0,0,0,0,0,0,0,1,0,2,0,0,0,0,0,0,0,0,0,7,0,3,0,0,0,0,0,0,0,0,0,3,0,1,0,0,0,0,0,0,0,0,0,1,0,2,0,0,0,0,0,0,0,0,0,3,0,3,0,0,0,0,0,0,0,0,0,3,0,1,0,0,0,0,0,0,0,0,0,1,0,2,0,0,0,0,0,0,0,0,0,3,0,3,0,0,0,0,0,0,0,0,0,1,0,1,0,0,0,0,0,0,0,0,0,0,0,0,0,0,0,0,0,0,0,0,0,1,0,0,0,0,0,0,0,0,0,0,0,0,0,0,0,0,0,0,0,0,0,0,0,0,0,0,0,0,0,0,0,0,0,0,0,1,0,0,0,0,0,0,0,0,0,0,0,0,0,0,0,0,0,0,0,0,0,0,0,0,0,0,0,0,0,0,0,0,0,0,0,1,0,0,0,0,0,0,0,0,0,0,0,0,0,0,0,0,0,0,0,0,0,0,0,0,0,0,0,0,0,0,0,0,0,0,0,0,0,0,0,0,0,0,0,0,0,0,0,0,0,0,0,0,0,0,0,0,0,0,0
2025020801,2026-01-22,16.733333333333334,2.433333333333333,0.6333333333333333,2,0,1,3,0,1,14,0,0,13,1,0,3,0,0,8,0,0,3,1,0,6,1,0,0,0,0,1,0,0,1,0,0,6,0,0,0,0,0,2,0,0,2,0,0,2,0,0,3,4,0,0,0,0,0,1,0,0,0,0,20,5,0,1,0,0,2,3,0,0,0,0,18,0,2,1,0,0,4,0,0,0,0,0,3,3,0,0,0,0,0,1,0,0,0,0,14,4,0,0,0,0,1,1,0,0,0,0,14,0,2,0,0,0,2,0,0,0,0,0,2,2,0,0,0,0,0,1,0,0,0,0,11,3,0,0,0,0,0,1,0,0,0,0,10,0,1,0,0,0,1,0,0,0,0,0,0,0,0,0,0,0,0,0,0,0,0,0,0,0,0,0,0,0,0,0,0,0,0,0,1,0,1,0,0,0,0,0,0,0,0,0,0,0,0,0,0,0,0,0,0,0,0,0,0,0,0,0,0,0,0,0,0,0,0,0,1,0,1,0,0,0,0,0,0,0,0,0,0,0,0,0,0,0,0,0,0,0,0,0,0,0,0,0,0,0,0,0,0,0,0,0,0,0,1,0,0,0,0,0,0,0,0,0,0,1,0,0,0,0,0,0,0,0,0,0,1,2,0,1,0,0,0,1,0,0,0,0,2,0,0,0,0,0,2,0,0,0,0,0
2025020817,2026-01-24,8.466666666666667,6.666666666666667,3.1,4,5,2,3,6,2,1,1,3,1,2,3,2,0,0,2,0,0,0,0,0,4,0,0,0,0,0,0,0,2,0,0,0,4,1,0,0,0,0,4,0,0,0,0,0,2,0,0,0,2,0,0,0,0,0,1,0,0,0,0,7,11,2,0,0,0,0,1,0,0,0,0,3,1,8,0,0,0,0,0,0,0,0,0,0,0,0,0,0,0,0,1,0,0,0,0,4,4,2,0,0,0,0,1,0,0,0,0,2,0,6,0,0,0,0,0,0,0,0,0,0,0,0,0,0,0,0,1,0,0,0,0,2,4,2,0,0,0,0,1,0,0,0,0,2,0,5,0,0,0,0,0,0,0,0,0,0,0,0,0,0,0,0,1,0,0,0,0,0,1,1,0,0,0,0,1,0,0,0,0,0,0,1,0,0,0,0,0,0,0,0,0,0,0,0,0,0,0,0,0,0,0,0,0,0,1,0,0,0,0,0,1,0,0,0,0,0,0,1,0,0,0,0,0,0,0,0,0,0,0,0,0,0,0,0,0,0,0,0,0,0,1,0,0,0,0,0,1,0,0,0,0,0,0,1,0,0,0,0,0,0,0,0,0,0,0,0,0,0,0,0,0,0,0,0,0,0,1,0,0,0,0,0,0,0,0,0,0,0,0,0,0,0,0,0,0,0,0,0,0
2025020837,2026-01-27,14.7,1,2.966666666666667,9,1,2,7,2,1,11,1,5,9,1,2,1,0,0,3,0,0,1,0,0,3,0,0,0,0,0,0,0,0,0,0,0,2,1,0,0,0,0,0,0,0,0,0,0,4,0,0,2,0,0,0,0,0,2,0,0,0,0,0,9,0,1,0,0,0,3,0,0,0,0,0,11,0,0,0,0,0,3,0,0,0,0,0,2,0,0,0,0,0,2,0,0,0,0,0,7,0,1,0,0,0,3,0,0,0,0,0,8,0,0,0,0,0,2,0,0,0,0,0,0,0,0,0,0,0,2,0,0,0,0,0,1,0,1,0,0,0,3,0,0,0,0,0,3,0,0,0,0,0,2,0,0,0,0,0,0,0,0,0,0,0,1,0,0,0,0,0,0,0,0,0,0,0,2,0,0,0,0,0,0,0,0,0,0,0,0,0,0,0,0,0,0,0,0,0,0,0,1,0,0,0,0,0,0,0,0,0,0,0,2,0,0,0,0,0,0,0,0,0,0,0,0,0,0,0,0,0,0,0,0,0,0,0,0,0,0,0,0,0,0,0,0,0,0,0,2,0,0,0,0,0,0,0,0,0,0,0,0,0,0,0,0,0,0,0,0,0,0,0,1,0,0,0,0,0,2,0,0,0,0,0,1,0,0,0,0,0,2,0,0,0,0,0,1,0,0,0,0,0
2025020853,2026-01-29,12.616666666666667,2.216666666666667,1.6166666666666667,5,2,1,6,2,1,4,0,3,4,0,3,0,0,0,2,0,0,0,0,0,3,0,0,0,0,0,2,0,0,1,0,0,2,0,1,0,0,0,2,0,0,0,0,0,0,0,0,3,0,0,0,0,0,0,0,0,0,0,0,11,7,0,0,0,0,0,1,0,0,0,0,8,0,3,0,0,0,0,0,1,0,0,0,2,0,0,0,0,0,0,0,0,0,0,0,6,7,0,0,0,0,0,1,0,0,0,0,8,0,2,0,0,0,0,0,1,0,0,0,0,0,0,0,0,0,0,0,0,0,0,0,2,5,0,0,0,0,0,0,0,0,0,0,4,0,2,0,0,0,0,0,1,0,0,0,0,0,0,0,0,0,0,0,0,0,0,0,1,1,0,0,0,0,0,0,0,0,0,0,1,0,0,0,0,0,0,0,0,0,0,0,0,0,0,0,0,0,0,0,0,0,0,0,1,1,0,0,0,0,0,0,0,0,0,0,1,0,0,0,0,0,0,0,0,0,0,0,1,0,0,0,0,0,0,0,0,0,0,0,1,1,0,0,0,0,0,0,0,0,0,0,0,0,0,0,0,0,0,0,0,0,0,0,0,0,0,0,0,0,0,0,0,0,0,0,0,1,0,0,0,0,0,0,0,0,0,0,0,0,1,0,0,0,0,0,0,0,0,0
2025020871,2026-01-31,13.083333333333334,1.35,2.5833333333333335,9,0,1,10,0,1,4,2,3,5,3,3,1,0,0,4,0,0,0,0,0,8,0,0,0,0,1,1,0,1,0,1,0,2,1,0,0,0,0,2,0,0,0,0,0,0,0,0,3,1,0,0,0,0,1,0,0,0,0,0,9,3,0,0,0,0,2,1,0,0,0,0,14,0,4,2,0,0,2,0,1,0,0,0,2,1,0,0,0,0,1,0,0,0,0,0,5,3,0,0,0,0,2,1,0,0,0,0,12,0,2,2,0,0,2,0,1,0,0,0,0,1,0,0,0,0,0,0,0,0,0,0,3,3,0,0,0,0,1,1,0,0,0,0,9,0,2,1,0,0,0,0,0,0,0,0,0,1,0,0,0,0,0,0,0,0,0,0,0,1,0,0,0,0,0,1,0,0,0,0,0,0,0,1,0,0,0,0,0,0,0,0,0,0,0,0,0,0,0,1,0,0,0,0,0,1,0,0,0,0,0,1,0,0,0,0,0,0,0,0,0,0,0,0,0,0,0,0,0,0,0,0,0,0,0,0,0,0,0,0,0,1,0,0,0,0,0,1,0,0,0,0,0,0,0,0,0,0,0,0,0,0,0,0,1,0,0,0,0,0,0,0,0,0,0,0,1,1,0,0,0,0,1,0,0,0,0,0,2,0,1,0,0,0,0,0,0,0,0,0
2025020879,2026-02-02,15.733333333333333,3.55,0.95,0,0,0,0,0,0,0,0,0,0,0,0,0,0,0,0,0,0,0,0,0,0,0,0,0,0,0,0,0,0,0,0,0,0,0,0,0,0,0,0,0,0,0,0,0,0,0,0,0,0,0,0,0,0,0,0,0,0,0,0,0,0,0,0,0,0,0,0,0,0,0,0,0,0,0,0,0,0,0,0,0,0,0,0,0,0,0,0,0,0,0,0,0,0,0,0,0,0,0,0,0,0,0,0,0,0,0,0,0,0,0,0,0,0,0,0,0,0,0,0,0,0,0,0,0,0,0,0,0,0,0,0,0,0,0,0,0,0,0,0,0,0,0,0,0,0,0,0,0,0,0,0,0,0,0,0,0,0,0,0,0,0,0,0,0,0,0,0,0,0,0,0,0,0,0,0,0,0,0,0,0,0,0,0,0,0,0,0,0,0,0,0,0,0,0,0,0,0,0,0,0,0,0,0,0,0,0,0,0,0,0,0,0,0,0,0,0,0,0,0,0,0,0,0,0,0,0,0,0,0,0,0,0,0,0,0,0,0,0,0,0,0,0,0,0,0,0,0,0,0,0,0,0,0,0,0,0,0,0,0,0,0,0,0,0,0,0,0,0,0,0,0,0,0,0,0,0,0,0,0,0,0,0,0,0,0,0,0,0,0,0,0,0,0,0,0,0,0,0,0
2025020896,2026-02-04,14.333333333333334,1.0833333333333333,1.5333333333333334,0,0,0,0,0,0,0,0,0,0,0,0,0,0,0,0,0,0,0,0,0,0,0,0,0,0,0,0,0,0,0,0,0,0,0,0,0,0,0,0,0,0,0,0,0,0,0,0,0,0,0,0,0,0,0,0,0,0,0,0,0,0,0,0,0,0,0,0,0,0,0,0,0,0,0,0,0,0,0,0,0,0,0,0,0,0,0,0,0,0,0,0,0,0,0,0,0,0,0,0,0,0,0,0,0,0,0,0,0,0,0,0,0,0,0,0,0,0,0,0,0,0,0,0,0,0,0,0,0,0,0,0,0,0,0,0,0,0,0,0,0,0,0,0,0,0,0,0,0,0,0,0,0,0,0,0,0,0,0,0,0,0,0,0,0,0,0,0,0,0,0,0,0,0,0,0,0,0,0,0,0,0,0,0,0,0,0,0,0,0,0,0,0,0,0,0,0,0,0,0,0,0,0,0,0,0,0,0,0,0,0,0,0,0,0,0,0,0,0,0,0,0,0,0,0,0,0,0,0,0,0,0,0,0,0,0,0,0,0,0,0,0,0,0,0,0,0,0,0,0,0,0,0,0,0,0,0,0,0,0,0,0,0,0,0,0,0,0,0,0,0,0,0,0,0,0,0,0,0,0,0,0,0,0,0,0,0,0,0,0,0,0,0,0,0,0,0,0,0,0
2025020927,2026-02-26,12.483333333333333,6.45,2.2666666666666666,0,0,0,0,0,0,0,0,0,0,0,0,0,0,0,0,0,0,0,0,0,0,0,0,0,0,0,0,0,0,0,0,0,0,0,0,0,0,0,0,0,0,0,0,0,0,0,0,0,0,0,0,0,0,0,0,0,0,0,0,0,0,0,0,0,0,0,0,0,0,0,0,0,0,0,0,0,0,0,0,0,0,0,0,0,0,0,0,0,0,0,0,0,0,0,0,0,0,0,0,0,0,0,0,0,0,0,0,0,0,0,0,0,0,0,0,0,0,0,0,0,0,0,0,0,0,0,0,0,0,0,0,0,0,0,0,0,0,0,0,0,0,0,0,0,0,0,0,0,0,0,0,0,0,0,0,0,0,0,0,0,0,0,0,0,0,0,0,0,0,0,0,0,0,0,0,0,0,0,0,0,0,0,0,0,0,0,0,0,0,0,0,0,0,0,0,0,0,0,0,0,0,0,0,0,0,0,0,0,0,0,0,0,0,0,0,0,0,0,0,0,0,0,0,0,0,0,0,0,0,0,0,0,0,0,0,0,0,0,0,0,0,0,0,0,0,0,0,0,0,0,0,0,0,0,0,0,0,0,0,0,0,0,0,0,0,0,0,0,0,0,0,0,0,0,0,0,0,0,0,0,0,0,0,0,0,0,0,0,0,0,0,0,0,0,0,0,0,0,0
2025020932,2026-02-27,7.483333333333333,2.033333333333333,0.9,0,0,0,0,0,0,0,0,0,0,0,0,0,0,0,0,0,0,0,0,0,0,0,0,0,0,0,0,0,0,0,0,0,0,0,0,0,0,0,0,0,0,0,0,0,0,0,0,0,0,0,0,0,0,0,0,0,0,0,0,0,0,0,0,0,0,0,0,0,0,0,0,0,0,0,0,0,0,0,0,0,0,0,0,0,0,0,0,0,0,0,0,0,0,0,0,0,0,0,0,0,0,0,0,0,0,0,0,0,0,0,0,0,0,0,0,0,0,0,0,0,0,0,0,0,0,0,0,0,0,0,0,0,0,0,0,0,0,0,0,0,0,0,0,0,0,0,0,0,0,0,0,0,0,0,0,0,0,0,0,0,0,0,0,0,0,0,0,0,0,0,0,0,0,0,0,0,0,0,0,0,0,0,0,0,0,0,0,0,0,0,0,0,0,0,0,0,0,0,0,0,0,0,0,0,0,0,0,0,0,0,0,0,0,0,0,0,0,0,0,0,0,0,0,0,0,0,0,0,0,0,0,0,0,0,0,0,0,0,0,0,0,0,0,0,0,0,0,0,0,0,0,0,0,0,0,0,0,0,0,0,0,0,0,0,0,0,0,0,0,0,0,0,0,0,0,0,0,0,0,0,0,0,0,0,0,0,0,0,0,0,0,0,0,0,0,0,0,0,0
2025020951,2026-03-01,16.4,2.783333333333333,0.6833333333333333,0,0,0,0,0,0,0,0,0,0,0,0,0,0,0,0,0,0,0,0,0,0,0,0,0,0,0,0,0,0,0,0,0,0,0,0,0,0,0,0,0,0,0,0,0,0,0,0,0,0,0,0,0,0,0,0,0,0,0,0,0,0,0,0,0,0,0,0,0,0,0,0,0,0,0,0,0,0,0,0,0,0,0,0,0,0,0,0,0,0,0,0,0,0,0,0,0,0,0,0,0,0,0,0,0,0,0,0,0,0,0,0,0,0,0,0,0,0,0,0,0,0,0,0,0,0,0,0,0,0,0,0,0,0,0,0,0,0,0,0,0,0,0,0,0,0,0,0,0,0,0,0,0,0,0,0,0,0,0,0,0,0,0,0,0,0,0,0,0,0,0,0,0,0,0,0,0,0,0,0,0,0,0,0,0,0,0,0,0,0,0,0,0,0,0,0,0,0,0,0,0,0,0,0,0,0,0,0,0,0,0,0,0,0,0,0,0,0,0,0,0,0,0,0,0,0,0,0,0,0,0,0,0,0,0,0,0,0,0,0,0,0,0,0,0,0,0,0,0,0,0,0,0,0,0,0,0,0,0,0,0,0,0,0,0,0,0,0,0,0,0,0,0,0,0,0,0,0,0,0,0,0,0,0,0,0,0,0,0,0,0,0,0,0,0,0,0,0,0,0
2025020967,2026-03-03,11.5,5.75,1.0833333333333333,0,0,0,0,0,0,0,0,0,0,0,0,0,0,0,0,0,0,0,0,0,0,0,0,0,0,0,0,0,0,0,0,0,0,0,0,0,0,0,0,0,0,0,0,0,0,0,0,0,0,0,0,0,0,0,0,0,0,0,0,0,0,0,0,0,0,0,0,0,0,0,0,0,0,0,0,0,0,0,0,0,0,0,0,0,0,0,0,0,0,0,0,0,0,0,0,0,0,0,0,0,0,0,0,0,0,0,0,0,0,0,0,0,0,0,0,0,0,0,0,0,0,0,0,0,0,0,0,0,0,0,0,0,0,0,0,0,0,0,0,0,0,0,0,0,0,0,0,0,0,0,0,0,0,0,0,0,0,0,0,0,0,0,0,0,0,0,0,0,0,0,0,0,0,0,0,0,0,0,0,0,0,0,0,0,0,0,0,0,0,0,0,0,0,0,0,0,0,0,0,0,0,0,0,0,0,0,0,0,0,0,0,0,0,0,0,0,0,0,0,0,0,0,0,0,0,0,0,0,0,0,0,0,0,0,0,0,0,0,0,0,0,0,0,0,0,0,0,0,0,0,0,0,0,0,0,0,0,0,0,0,0,0,0,0,0,0,0,0,0,0,0,0,0,0,0,0,0,0,0,0,0,0,0,0,0,0,0,0,0,0,0,0,0,0,0,0,0,0,0
2025020988,2026-03-06,17.983333333333334,1.6333333333333333,0,0,0,0,0,0,0,0,0,0,0,0,0,0,0,0,0,0,0,0,0,0,0,0,0,0,0,0,0,0,0,0,0,0,0,0,0,0,0,0,0,0,0,0,0,0,0,0,0,0,0,0,0,0,0,0,0,0,0,0,0,0,0,0,0,0,0,0,0,0,0,0,0,0,0,0,0,0,0,0,0,0,0,0,0,0,0,0,0,0,0,0,0,0,0,0,0,0,0,0,0,0,0,0,0,0,0,0,0,0,0,0,0,0,0,0,0,0,0,0,0,0,0,0,0,0,0,0,0,0,0,0,0,0,0,0,0,0,0,0,0,0,0,0,0,0,0,0,0,0,0,0,0,0,0,0,0,0,0,0,0,0,0,0,0,0,0,0,0,0,0,0,0,0,0,0,0,0,0,0,0,0,0,0,0,0,0,0,0,0,0,0,0,0,0,0,0,0,0,0,0,0,0,0,0,0,0,0,0,0,0,0,0,0,0,0,0,0,0,0,0,0,0,0,0,0,0,0,0,0,0,0,0,0,0,0,0,0,0,0,0,0,0,0,0,0,0,0,0,0,0,0,0,0,0,0,0,0,0,0,0,0,0,0,0,0,0,0,0,0,0,0,0,0,0,0,0,0,0,0,0,0,0,0,0,0,0,0,0,0,0,0,0,0,0,0,0,0,0,0,0
