gameId,gameTypeId,gameDate,mP_ev,mP_pp,mP_sh,iFW_ev,iFW_pp,iFW_sh,oFW_ev,oFW_pp,oFW_sh,iFL_ev,iFL_pp,iFL_sh,oFL_ev,oFL_pp,oFL_sh,iHG_ev,iHG_pp,iHG_sh,oHG_ev,oHG_pp,oHG_sh,iHT_ev,iHT_pp,iHT_sh,oHT_ev,oHT_pp,oHT_sh,iTW_ev,iTW_pp,iTW_sh,oTW_ev,oTW_pp,oTW_sh,iGW_ev,iGW_pp,iGW_sh,oGW_ev,oGW_pp,oGW_sh,iMD_ev,iMD_pp,iMD_sh,oMD_ev,oMD_pp,oMD_sh,iMC_ev,iMC_pp,iMC_sh,oMC_ev,oMC_pp,oMC_sh,iCF_neither_ev,iCF_neither_pp,iCF_neither_sh,iCF_rush_ev,iCF_rush_pp,iCF_rush_sh,iCF_rebound_ev,iCF_rebound_pp,iCF_rebound_sh,iCF_both_ev,iCF_both_pp,iCF_both_sh,oCF_neither_ev,oCF_neither_pp,oCF_neither_sh,oCF_rush_ev,oCF_rush_pp,oCF_rush_sh,oCF_rebound_ev,oCF_rebound_pp,oCF_rebound_sh,oCF_both_ev,oCF_both_pp,oCF_both_sh,oCA_neither_ev,oCA_neither_pp,oCA_neither_sh,oCA_rush_ev,oCA_rush_pp,oCA_rush_sh,oCA_rebound_ev,oCA_rebound_pp,oCA_rebound_sh,oCA_both_ev,oCA_both_pp,oCA_both_sh,iFF_neither_ev,iFF_neither_pp,iFF_neither_sh,iFF_rush_ev,iFF_rush_pp,iFF_rush_sh,iFF_rebound_ev,iFF_rebound_pp,iFF_rebound_sh,iFF_both_ev,iFF_both_pp,iFF_both_sh,oFF_neither_ev,oFF_neither_pp,oFF_neither_sh,oFF_rush_ev,oFF_rush_pp,oFF_rush_sh,oFF_rebound_ev,oFF_rebound_pp,oFF_rebound_sh,oFF_both_ev,oFF_both_pp,oFF_both_sh,oFA_neither_ev,oFA_neither_pp,oFA_neither_sh,oFA_rush_ev,oFA_rush_pp,oFA_rush_sh,oFA_rebound_ev,oFA_rebound_pp,oFA_rebound_sh,oFA_both_ev,oFA_both_pp,oFA_both_sh,iSF_neither_ev,iSF_neither_pp,iSF_neither_sh,iSF_rush_ev,iSF_rush_pp,iSF_rush_sh,iSF_rebound_ev,iSF_rebound_pp,iSF_rebound_sh,iSF_both_ev,iSF_both_pp,iSF_both_sh,oSF_neither_ev,oSF_neither_pp,oSF_neither_sh,oSF_rush_ev,oSF_rush_pp,oSF_rush_sh,oSF_rebound_ev,oSF_rebound_pp,oSF_rebound_sh,oSF_both_ev,oSF_both_pp,oSF_both_sh,oSA_neither_ev,oSA_neither_pp,oSA_neither_sh,oSA_rush_ev,oSA_rush_pp,oSA_rush_sh,oSA_rebound_ev,oSA_rebound_pp,oSA_rebound_sh,oSA_both_ev,oSA_both_pp,oSA_both_sh,iGF_neither_ev,iGF_neither_pp,iGF_neither_sh,iGF_rush_ev,iGF_rush_pp,iGF_rush_sh,iGF_rebound_ev,iGF_rebound_pp,iGF_rebound_sh,iGF_both_ev,iGF_both_pp,iGF_both_sh,oGF_neither_ev,oGF_neither_pp,oGF_neither_sh,oGF_rush_ev,oGF_rush_pp,oGF_rush_sh,oGF_rebound_ev,oGF_rebound_pp,oGF_rebound_sh,oGF_both_ev,oGF_both_pp,oGF_both_sh,oGA_neither_ev,oGA_neither_pp,oGA_neither_sh,oGA_rush_ev,oGA_rush_pp,oGA_rush_sh,oGA_rebound_ev,oGA_rebound_pp,oGA_rebound_sh,oGA_both_ev,oGA_both_pp,oGA_both_sh,iAPF_neither_ev,iAPF_neither_pp,iAPF_neither_sh,iAPF_rush_ev,iAPF_rush_pp,iAPF_rush_sh,iAPF_rebound_ev,iAPF_rebound_pp,iAPF_rebound_sh,iAPF_both_ev,iAPF_both_pp,iAPF_both_sh,oAPF_neither_ev,oAPF_neither_pp,oAPF_neither_sh,oAPF_rush_ev,oAPF_rush_pp,oAPF_rush_sh,oAPF_rebound_ev,oAPF_rebound_pp,oAPF_rebound_sh,oAPF_both_ev,oAPF_both_pp,oAPF_both_sh,oAPA_neither_ev,oAPA_neither_pp,oAPA_neither_sh,oAPA_rush_ev,oAPA_rush_pp,oAPA_rush_sh,oAPA_rebound_ev,oAPA_rebound_pp,oAPA_rebound_sh,oAPA_both_ev,oAPA_both_pp,oAPA_both_sh,iASF_neither_ev,iASF_neither_pp,iASF_neither_sh,iASF_rush_ev,iASF_rush_pp,iASF_rush_sh,iASF_rebound_ev,iASF_rebound_pp,iASF_rebound_sh,iASF_both_ev,iASF_both_pp,iASF_both_sh,oASF_neither_ev,oASF_neither_pp,oASF_neither_sh,oASF_rush_ev,oASF_rush_pp,oASF_rush_sh,oASF_rebound_ev,oASF_rebound_pp,oASF_rebound_sh,oASF_both_ev,oASF_both_pp,oASF_both_sh,oASA_neither_ev,oASA_neither_pp,oASA_neither_sh,oASA_rush_ev,oASA_rush_pp,oASA_rush_sh,oASA_rebound_ev,oASA_rebound_pp,oASA_rebound_sh,oASA_both_ev,oASA_both_pp,oASA_both_sh,iRCF_neither_ev,iRCF_neither_pp,iRCF_neither_sh,iRCF_rush_ev,iRCF_rush_pp,iRCF_rush_sh,iRCF_rebound_ev,iRCF_rebound_pp,iRCF_rebound_sh,iRCF_both_ev,iRCF_both_pp,iRCF_both_sh,oRCF_neither_ev,oRCF_neither_pp,oRCF_neither_sh,oRCF_rush_ev,oRCF_rush_pp,oRCF_rush_sh,oRCF_rebound_ev,oRCF_rebound_pp,oRCF_rebound_sh,oRCF_both_ev,oRCF_both_pp,oRCF_both_sh,oRCA_neither_ev,oRCA_neither_pp,oRCA_neither_sh,oRCA_rush_ev,oRCA_rush_pp,oRCA_rush_sh,oRCA_rebound_ev,oRCA_rebound_pp,oRCA_rebound_sh,oRCA_both_ev,oRCA_both_pp,oRCA_both_sh
2021020033,2,2021-10-16,13.733333333333333,4.35,0,0,0,0,6,2,0,0,0,0,4,3,0,3,0,0,8,0,0,1,0,0,7,1,0,0,0,0,1,0,0,0,0,0,2,0,0,2,0,0,2,0,2,0,0,0,2,0,0,8,4,0,0,0,0,1,0,0,0,0,0,14,6,0,1,0,0,2,1,0,0,0,0,14,1,0,3,0,0,1,0,0,0,0,0,7,4,0,0,0,0,1,0,0,0,0,0,11,5,0,1,0,0,2,1,0,0,0,0,8,1,0,2,0,0,1,0,0,0,0,0,5,2,0,0,0,0,1,0,0,0,0,0,8,2,0,0,0,0,2,1,0,0,0,0,6,1,0,1,0,0,1,0,0,0,0,0,0,0,0,0,0,0,0,0,0,0,0,0,0,0,0,0,0,0,1,0,0,0,0,0,0,0,0,0,0,0,1,0,0,0,0,0,0,0,0,0,0,0,1,0,0,0,0,0,0,0,0,0,0,0,1,0,0,0,0,0,0,0,0,0,0,0,1,0,0,0,0,0,0,0,0,0,0,0,0,0,0,0,0,0,0,0,0,0,0,0,1,0,0,0,0,0,0,0,0,0,0,0,1,0,0,0,0,0,1,1,0,0,0,0,1,0,0,0,0,0,1,1,0,0,0,0,1,0,0,0,0,0,1,0,0,0,0,0,0,0,0,0,0,0
2021020040,2,2021-10-19,12.783333333333333,3.25,0,0,0,0,5,3,0,0,0,0,5,0,0,2,0,0,6,0,0,2,0,0,7,1,0,0,0,0,0,0,0,0,0,0,4,0,0,0,0,0,2,0,0,0,0,0,2,0,0,5,4,0,0,0,0,2,1,0,0,0,0,12,8,0,0,0,0,3,3,0,0,0,0,11,0,0,1,0,0,1,0,0,0,0,0,4,3,0,0,0,0,1,0,0,0,0,0,9,7,0,0,0,0,2,2,0,0,0,0,6,0,0,0,0,0,1,0,0,0,0,0,3,3,0,0,0,0,1,0,0,0,0,0,7,6,0,0,0,0,2,2,0,0,0,0,3,0,0,0,0,0,1,0,0,0,0,0,0,1,0,0,0,0,0,0,0,0,0,0,1,1,0,0,0,0,1,0,0,0,0,0,0,0,0,0,0,0,0,0,0,0,0,0,1,0,0,0,0,0,0,0,0,0,0,0,1,1,0,0,0,0,1,0,0,0,0,0,0,0,0,0,0,0,0,0,0,0,0,0,0,0,0,0,0,0,1,0,0,0,0,0,1,1,0,0,0,0,1,0,0,0,0,0,0,0,0,0,0,0,0,0,0,0,0,0,1,0,0,0,0,0,0,1,0,0,0,0,3,2,0,0,0,0,0,1,0,0,0,0,1,0,0,0,0,0,0,0,0,0,0,0
2021020053,2,2021-10-21,15.983333333333333,2.033333333333333,0.4666666666666667,0,0,0,4,2,0,0,0,0,10,0,1,2,0,0,6,0,1,3,0,0,14,0,0,2,0,0,4,0,0,1,0,0,6,1,0,0,0,0,2,0,0,0,0,0,0,0,0,4,0,0,1,0,0,0,0,0,0,0,0,12,1,0,2,1,0,2,0,0,0,1,0,17,1,1,0,0,0,2,0,0,0,0,0,4,0,0,0,0,0,0,0,0,0,0,0,10,0,0,0,1,0,2,0,0,0,1,0,13,1,1,0,0,0,1,0,0,0,0,0,3,0,0,0,0,0,0,0,0,0,0,0,9,0,0,0,1,0,2,0,0,0,1,0,6,0,1,0,0,0,1,0,0,0,0,0,0,0,0,0,0,0,0,0,0,0,0,0,1,0,0,0,0,0,0,0,0,0,0,0,0,0,0,0,0,0,0,0,0,0,0,0,0,0,0,0,0,0,0,0,0,0,0,0,1,0,0,0,0,0,0,0,0,0,0,0,0,0,0,0,0,0,0,0,0,0,0,0,1,0,0,0,0,0,0,0,0,0,0,0,1,0,0,0,0,0,0,0,0,0,0,0,0,0,0,0,0,0,0,0,0,0,0,0,0,0,0,0,0,0,0,0,0,0,0,0,2,0,0,0,1,0,0,0,0,0,0,0,2,0,0,0,0,0,0,0,0,0,0,0
2021020063,2,2021-10-22,13.666666666666666,2.9166666666666665,0,0,0,0,5,3,0,1,0,0,9,1,0,3,0,0,5,0,0,0,0,0,0,1,0,2,0,0,4,0,0,0,0,0,2,0,0,0,0,0,2,0,0,0,0,0,2,0,0,2,2,0,0,0,0,0,0,0,0,0,0,14,5,0,1,1,0,2,0,0,0,0,0,14,0,0,1,0,0,0,0,0,0,0,0,2,1,0,0,0,0,0,0,0,0,0,0,11,4,0,1,1,0,2,0,0,0,0,0,9,0,0,1,0,0,0,0,0,0,0,0,1,1,0,0,0,0,0,0,0,0,0,0,9,3,0,1,0,0,2,0,0,0,0,0,6,0,0,0,0,0,0,0,0,0,0,0,1,0,0,0,0,0,0,0,0,0,0,0,2,0,0,0,0,0,1,0,0,0,0,0,0,0,0,0,0,0,0,0,0,0,0,0,0,0,0,0,0,0,0,0,0,0,0,0,1,0,0,0,0,0,1,0,0,0,0,0,0,0,0,0,0,0,0,0,0,0,0,0,1,0,0,0,0,0,0,0,0,0,0,0,1,0,0,0,0,0,0,0,0,0,0,0,0,0,0,0,0,0,0,0,0,0,0,0,0,0,0,0,0,0,0,0,0,0,0,0,1,0,0,0,0,0,1,0,0,0,0,0,0,0,0,0,0,0,0,0,0,0,0,0
2021020079,2,2021-10-24,14.266666666666667,1.8833333333333333,0.05,0,0,0,9,0,0,0,0,0,10,1,0,3,0,0,6,0,0,1,0,0,1,0,0,0,0,0,2,0,0,0,0,0,3,1,0,0,0,0,2,0,0,0,0,0,0,0,0,3,2,0,0,0,0,0,0,0,0,0,0,13,4,0,0,0,0,0,1,0,0,0,0,12,1,0,2,0,0,0,0,0,0,0,0,3,1,0,0,0,0,0,0,0,0,0,0,10,2,0,0,0,0,0,1,0,0,0,0,10,1,0,2,0,0,0,0,0,0,0,0,3,0,0,0,0,0,0,0,0,0,0,0,10,1,0,0,0,0,0,1,0,0,0,0,7,1,0,1,0,0,0,0,0,0,0,0,1,0,0,0,0,0,0,0,0,0,0,0,1,0,0,0,0,0,0,0,0,0,0,0,0,0,0,1,0,0,0,0,0,0,0,0,0,0,0,0,0,0,0,0,0,0,0,0,1,0,0,0,0,0,0,0,0,0,0,0,0,0,0,1,0,0,0,0,0,0,0,0,0,0,0,0,0,0,0,0,0,0,0,0,1,0,0,0,0,0,0,0,0,0,0,0,0,0,0,1,0,0,0,0,0,0,0,0,0,1,0,0,0,0,0,0,0,0,0,0,0,1,0,0,0,0,0,0,0,0,0,0,0,0,0,0,0,0,0,0,0,0,0,0
2021020092,2,2021-10-26,16.883333333333333,1.3,0,0,0,0,10,2,0,0,0,0,6,0,0,2,0,0,5,0,0,1,0,0,3,0,0,2,0,0,4,0,0,1,0,0,3,0,0,2,0,0,2,0,0,0,0,0,0,0,0,6,2,0,0,0,0,0,0,0,0,0,0,21,3,0,0,0,0,4,2,0,0,0,0,9,1,0,1,0,0,0,0,0,0,0,0,4,2,0,0,0,0,0,0,0,0,0,0,13,3,0,0,0,0,4,2,0,0,0,0,6,1,0,1,0,0,0,0,0,0,0,0,2,2,0,0,0,0,0,0,0,0,0,0,9,3,0,0,0,0,3,1,0,0,0,0,6,1,0,1,0,0,0,0,0,0,0,0,1,0,0,0,0,0,0,0,0,0,0,0,1,0,0,0,0,0,0,0,0,0,0,0,1,0,0,0,0,0,0,0,0,0,0,0,0,0,0,0,0,0,0,0,0,0,0,0,1,0,0,0,0,0,0,0,0,0,0,0,1,0,0,0,0,0,0,0,0,0,0,0,0,0,0,0,0,0,0,0,0,0,0,0,1,0,0,0,0,0,0,0,0,0,0,0,0,0,0,0,0,0,0,0,0,0,0,0,1,0,0,0,0,0,0,0,0,0,0,0,4,1,0,0,0,0,0,1,0,0,0,0,0,0,0,0,0,0,0,0,0,0,0,0
2021020109,2,2021-10-28,13.633333333333333,3.7666666666666666,0.2,0,0,0,6,6,0,0,0,0,10,1,0,1,0,0,2,0,0,1,0,0,4,0,0,1,0,0,3,0,0,0,1,0,3,2,0,0,0,0,2,0,0,0,0,0,0,0,0,2,4,0,0,0,0,2,0,0,0,0,0,15,11,0,1,0,0,2,0,0,0,0,0,12,2,1,1,0,0,0,0,0,0,0,0,1,4,0,0,0,0,2,0,0,0,0,0,10,11,0,1,0,0,2,0,0,0,0,0,9,2,1,1,0,0,0,0,0,0,0,0,0,2,0,0,0,0,2,0,0,0,0,0,8,8,0,0,0,0,2,0,0,0,0,0,8,2,1,1,0,0,0,0,0,0,0,0,0,0,0,0,0,0,0,0,0,0,0,0,0,0,0,0,0,0,0,0,0,0,0,0,2,0,0,0,0,0,0,0,0,0,0,0,0,0,0,0,0,0,0,0,0,0,0,0,0,0,0,0,0,0,0,0,0,0,0,0,2,0,0,0,0,0,0,0,0,0,0,0,0,0,0,0,0,0,0,0,0,0,0,0,0,0,0,0,0,0,0,0,0,0,0,0,1,0,0,0,0,0,0,0,0,0,0,0,0,0,0,0,0,0,0,0,0,0,0,0,1,0,0,0,0,0,0,0,0,0,0,0,0,0,0,0,0,0,0,0,0,0,0,0
2021020126,2,2021-10-30,19.5,2.65,0,0,0,0,4,0,0,0,0,0,14,2,0,2,0,0,4,0,0,2,0,0,5,0,0,0,0,0,1,0,0,1,0,0,4,0,0,0,0,0,2,0,2,0,0,0,2,0,0,5,1,0,0,0,0,0,0,0,1,0,0,13,3,0,1,0,0,1,0,0,0,0,0,28,2,0,2,0,0,1,0,0,0,0,0,4,1,0,0,0,0,0,0,0,1,0,0,11,3,0,1,0,0,1,0,0,0,0,0,22,1,0,2,0,0,1,0,0,0,0,0,4,1,0,0,0,0,0,0,0,1,0,0,10,2,0,1,0,0,1,0,0,0,0,0,16,0,0,1,0,0,0,0,0,0,0,0,0,1,0,0,0,0,0,0,0,0,0,0,1,0,0,0,0,0,0,0,0,0,0,0,0,0,0,0,0,0,0,0,0,0,0,0,1,0,0,0,0,0,0,0,0,0,0,0,1,0,0,0,0,0,0,0,0,0,0,0,0,0,0,0,0,0,0,0,0,0,0,0,0,0,0,0,0,0,0,0,0,0,0,0,1,0,0,0,0,0,0,0,0,0,0,0,0,0,0,0,0,0,0,0,0,0,0,0,0,0,0,0,0,0,0,0,0,0,0,0,1,0,0,0,0,0,0,0,0,0,0,0,1,0,0,0,0,0,0,0,0,0,0,0
2021020221,2,2021-11-13,14.25,1.45,0.2,0,0,0,10,1,0,1,0,0,10,2,0,0,0,0,2,0,0,0,0,0,5,0,0,0,0,0,1,0,0,0,0,0,0,0,0,0,0,0,0,0,0,0,0,0,4,0,0,5,0,0,0,0,0,0,0,0,0,0,0,12,1,0,0,0,0,1,0,0,0,0,0,14,1,0,0,0,0,0,0,0,0,0,0,4,0,0,0,0,0,0,0,0,0,0,0,9,1,0,0,0,0,1,0,0,0,0,0,11,1,0,0,0,0,0,0,0,0,0,0,4,0,0,0,0,0,0,0,0,0,0,0,8,1,0,0,0,0,1,0,0,0,0,0,9,1,0,0,0,0,0,0,0,0,0,0,0,0,0,0,0,0,0,0,0,0,0,0,1,0,0,0,0,0,0,0,0,0,0,0,2,1,0,0,0,0,0,0,0,0,0,0,0,0,0,0,0,0,0,0,0,0,0,0,1,0,0,0,0,0,0,0,0,0,0,0,2,1,0,0,0,0,0,0,0,0,0,0,1,0,0,0,0,0,0,0,0,0,0,0,1,0,0,0,0,0,0,0,0,0,0,0,1,1,0,0,0,0,0,0,0,0,0,0,0,0,0,0,0,0,0,0,0,0,0,0,1,0,0,0,0,0,0,0,0,0,0,0,0,0,0,0,0,0,0,0,0,0,0,0
2021020240,2,2021-11-16,16.5,2.3,0,1,0,0,6,2,0,0,0,0,4,1,0,0,0,0,3,0,0,2,0,0,6,0,0,1,0,0,1,0,0,0,0,0,0,1,0,2,0,0,2,0,5,0,0,0,5,0,0,1,1,0,0,0,0,0,0,0,0,0,0,10,3,0,0,0,0,0,0,0,0,0,0,17,0,0,0,0,0,0,0,0,0,0,0,1,1,0,0,0,0,0,0,0,0,0,0,8,3,0,0,0,0,0,0,0,0,0,0,16,0,0,0,0,0,0,0,0,0,0,0,1,1,0,0,0,0,0,0,0,0,0,0,5,3,0,0,0,0,0,0,0,0,0,0,12,0,0,0,0,0,0,0,0,0,0,0,1,0,0,0,0,0,0,0,0,0,0,0,3,0,0,0,0,0,0,0,0,0,0,0,0,0,0,0,0,0,0,0,0,0,0,0,0,0,0,0,0,0,0,0,0,0,0,0,3,0,0,0,0,0,0,0,0,0,0,0,0,0,0,0,0,0,0,0,0,0,0,0,1,0,0,0,0,0,0,0,0,0,0,0,3,0,0,0,0,0,0,0,0,0,0,0,0,0,0,0,0,0,0,0,0,0,0,0,0,0,0,0,0,0,0,0,0,0,0,0,0,0,0,0,0,0,0,0,0,0,0,0,0,0,0,0,0,0,0,0,0,0,0,0
2021020253,2,2021-11-18,15.683333333333334,0,0.26666666666666666,0,0,0,10,0,0,0,0,0,4,0,0,3,0,0,5,0,0,0,0,0,3,0,0,2,0,0,4,0,0,0,0,0,0,0,0,0,0,0,0,0,0,0,0,0,2,0,0,8,0,0,0,0,0,0,0,0,0,0,0,13,0,0,1,0,0,0,0,0,0,0,0,20,0,0,1,0,0,0,0,0,0,0,0,8,0,0,0,0,0,0,0,0,0,0,0,13,0,0,1,0,0,0,0,0,0,0,0,11,0,0,0,0,0,0,0,0,0,0,0,5,0,0,0,0,0,0,0,0,0,0,0,9,0,0,0,0,0,0,0,0,0,0,0,8,0,0,0,0,0,0,0,0,0,0,0,0,0,0,0,0,0,0,0,0,0,0,0,1,0,0,0,0,0,0,0,0,0,0,0,0,0,0,0,0,0,0,0,0,0,0,0,1,0,0,0,0,0,0,0,0,0,0,0,1,0,0,0,0,0,0,0,0,0,0,0,0,0,0,0,0,0,0,0,0,0,0,0,0,0,0,0,0,0,0,0,0,0,0,0,0,0,0,0,0,0,0,0,0,0,0,0,0,0,0,0,0,0,0,0,0,0,0,0,0,0,0,0,0,0,0,0,0,0,0,0,0,0,0,0,0,0,0,0,0,0,0,0,0,0,0,0,0,0,0,0,0,0,0,0
2021020273,2,2021-11-20,15.883333333333333,3.7,0,0,0,0,9,2,0,0,0,0,6,1,0,6,0,0,10,0,0,6,0,0,14,1,0,0,0,0,1,1,0,1,0,0,4,0,0,0,0,0,2,0,0,0,0,0,0,0,0,1,1,0,0,0,0,0,0,0,0,0,0,6,10,0,1,1,0,0,0,0,1,0,0,9,0,0,1,0,0,0,0,0,1,0,0,1,1,0,0,0,0,0,0,0,0,0,0,5,8,0,0,1,0,0,0,0,1,0,0,7,0,0,1,0,0,0,0,0,1,0,0,1,0,0,0,0,0,0,0,0,0,0,0,2,4,0,0,1,0,0,0,0,1,0,0,4,0,0,1,0,0,0,0,0,1,0,0,0,0,0,0,0,0,0,0,0,0,0,0,0,0,0,0,0,0,0,0,0,0,0,0,1,0,0,0,0,0,0,0,0,1,0,0,0,0,0,0,0,0,0,0,0,0,0,0,0,0,0,0,0,0,0,0,0,0,0,0,1,0,0,0,0,0,0,0,0,1,0,0,0,0,0,0,0,0,0,0,0,0,0,0,0,0,0,0,0,0,0,0,0,0,0,0,0,0,0,0,0,0,0,0,0,1,0,0,0,0,0,0,0,0,0,0,0,0,0,0,0,0,0,1,0,0,0,0,0,0,0,0,1,0,0,0,0,0,0,0,0,0,0,0
2021020286,2,2021-11-22,15.6,1.4166666666666667,0.13333333333333333,0,0,0,7,0,0,0,0,0,3,1,0,2,0,0,4,0,0,1,0,0,6,0,0,0,0,0,5,0,0,0,1,0,1,1,0,0,0,0,2,0,0,0,0,0,0,0,0,8,1,0,1,0,0,1,0,0,0,0,0,20,0,0,1,0,0,4,0,0,0,0,0,9,0,0,1,0,0,0,0,0,0,0,0,7,0,0,1,0,0,1,0,0,0,0,0,16,0,0,1,0,0,2,0,0,0,0,0,6,0,0,1,0,0,0,0,0,0,0,0,4,0,0,1,0,0,1,0,0,0,0,0,10,0,0,1,0,0,2,0,0,0,0,0,4,0,0,1,0,0,0,0,0,0,0,0,0,0,0,0,0,0,0,0,0,0,0,0,0,0,0,0,0,0,0,0,0,0,0,0,0,0,0,0,0,0,0,0,0,0,0,0,0,0,0,0,0,0,0,0,0,0,0,0,0,0,0,0,0,0,0,0,0,0,0,0,0,0,0,0,0,0,0,0,0,0,0,0,0,0,0,0,0,0,0,0,0,0,0,0,0,0,0,0,0,0,0,0,0,0,0,0,0,0,0,0,0,0,0,0,0,0,0,0,1,0,0,1,0,0,0,0,0,0,0,0,2,0,0,1,0,0,1,0,0,0,0,0,0,0,0,0,0,0,0,0,0,0,0,0
2021020302,2,2021-11-24,17.9,3.7666666666666666,0.18333333333333332,0,0,0,6,3,0,0,0,0,9,1,0,3,0,0,5,0,0,1,0,0,7,0,0,1,1,0,2,1,0,1,0,0,0,0,0,0,0,0,6,0,0,0,0,0,0,2,0,5,1,0,0,0,0,0,0,0,0,0,0,19,4,0,0,0,0,0,1,0,0,0,0,15,1,1,1,0,0,0,0,0,0,0,0,4,1,0,0,0,0,0,0,0,0,0,0,15,4,0,0,0,0,0,1,0,0,0,0,10,0,1,1,0,0,0,0,0,0,0,0,3,1,0,0,0,0,0,0,0,0,0,0,10,3,0,0,0,0,0,1,0,0,0,0,8,0,1,0,0,0,0,0,0,0,0,0,1,0,0,0,0,0,0,0,0,0,0,0,2,1,0,0,0,0,0,0,0,0,0,0,1,0,0,0,0,0,0,0,0,0,0,0,1,1,0,0,0,0,0,0,0,0,0,0,1,1,0,0,0,0,0,0,0,0,0,0,1,0,0,0,0,0,0,0,0,0,0,0,0,0,0,0,0,0,0,0,0,0,0,0,1,1,0,0,0,0,0,0,0,0,0,0,1,0,0,0,0,0,0,0,0,0,0,0,0,1,0,0,0,0,0,0,0,0,0,0,0,1,0,0,0,0,0,0,0,0,0,0,0,0,0,0,0,0,0,0,0,0,0,0
2021020316,2,2021-11-26,13.85,3.8833333333333333,0,0,0,0,2,2,0,0,0,0,8,2,0,0,0,0,6,0,0,1,0,0,1,1,0,1,0,0,2,1,0,1,1,0,4,2,0,2,0,0,4,0,0,0,0,0,0,0,0,9,3,0,0,0,0,0,1,0,0,0,0,14,6,0,1,0,0,0,1,0,0,0,0,10,1,0,4,0,0,0,0,0,0,0,0,8,0,0,0,0,0,0,1,0,0,0,0,11,2,0,1,0,0,0,1,0,0,0,0,8,1,0,4,0,0,0,0,0,0,0,0,6,0,0,0,0,0,0,1,0,0,0,0,9,1,0,1,0,0,0,1,0,0,0,0,6,1,0,3,0,0,0,0,0,0,0,0,0,0,0,0,0,0,0,0,0,0,0,0,0,0,0,0,0,0,0,0,0,0,0,0,0,0,0,0,0,0,0,0,0,0,0,0,0,0,0,0,0,0,0,0,0,0,0,0,0,0,0,0,0,0,0,0,0,0,0,0,0,0,0,0,0,0,0,0,0,0,0,0,0,0,0,0,0,0,0,0,0,0,0,0,0,0,0,0,0,0,0,0,0,0,0,0,0,0,0,0,0,0,0,0,0,0,0,0,0,0,0,0,0,0,0,0,0,0,0,0,0,1,0,0,0,0,0,0,0,0,0,0,0,0,0,0,0,0,0,0,0,0,0,0
2021020330,2,2021-11-28,17.533333333333335,0.9666666666666667,0,1,0,0,9,1,0,0,0,0,9,0,0,3,0,0,13,0,0,2,0,0,4,0,0,0,0,0,0,0,0,0,0,0,3,0,0,0,0,0,0,0,0,0,0,0,0,0,0,8,1,0,1,0,0,1,0,0,0,0,0,16,3,0,2,0,0,1,0,0,0,0,0,20,0,0,2,0,0,0,0,0,0,0,0,8,0,0,1,0,0,0,0,0,0,0,0,13,1,0,1,0,0,0,0,0,0,0,0,12,0,0,0,0,0,0,0,0,0,0,0,5,0,0,1,0,0,0,0,0,0,0,0,9,1,0,1,0,0,0,0,0,0,0,0,9,0,0,0,0,0,0,0,0,0,0,0,2,0,0,0,0,0,0,0,0,0,0,0,2,0,0,0,0,0,0,0,0,0,0,0,0,0,0,0,0,0,0,0,0,0,0,0,0,0,0,0,0,0,0,0,0,0,0,0,2,0,0,0,0,0,0,0,0,0,0,0,0,0,0,0,0,0,0,0,0,0,0,0,0,0,0,0,0,0,0,0,0,0,0,0,1,0,0,0,0,0,0,0,0,0,0,0,0,0,0,0,0,0,0,0,0,0,0,0,1,0,0,0,0,0,0,0,0,0,0,0,1,0,0,0,0,0,0,0,0,0,0,0,0,0,0,0,0,0,0,0,0,0,0,0
2021020339,2,2021-11-30,16.583333333333332,1.9666666666666666,0,0,0,0,9,2,0,0,0,0,9,1,0,0,0,0,8,0,0,0,0,0,3,0,0,2,0,0,5,0,0,0,0,0,1,0,0,0,0,0,0,0,0,0,0,0,2,0,0,3,4,0,2,0,0,0,0,0,0,0,0,12,5,0,2,0,0,0,0,0,0,0,0,21,0,0,2,0,0,0,0,0,0,0,0,3,3,0,1,0,0,0,0,0,0,0,0,7,3,0,1,0,0,0,0,0,0,0,0,15,0,0,2,0,0,0,0,0,0,0,0,2,3,0,1,0,0,0,0,0,0,0,0,6,3,0,1,0,0,0,0,0,0,0,0,10,0,0,2,0,0,0,0,0,0,0,0,0,1,0,1,0,0,0,0,0,0,0,0,0,1,0,1,0,0,0,0,0,0,0,0,0,0,0,0,0,0,0,0,0,0,0,0,0,0,0,0,0,0,0,0,0,0,0,0,0,1,0,0,0,0,0,0,0,0,0,0,0,0,0,0,0,0,0,0,0,0,0,0,0,0,0,0,0,0,0,0,0,0,0,0,0,0,0,0,0,0,0,0,0,0,0,0,0,0,0,0,0,0,0,0,0,0,0,0,0,0,0,0,0,0,0,0,0,0,0,0,0,0,0,0,0,0,0,0,0,0,0,0,0,0,0,0,0,0,0,0,0,0,0,0
2021020355,2,2021-12-02,19.133333333333333,1.7333333333333334,0,0,0,0,7,0,0,0,0,0,8,1,0,3,0,0,8,0,0,4,0,0,11,0,0,0,0,0,1,0,0,1,0,0,2,0,0,0,0,0,4,0,0,0,0,0,0,0,0,7,1,0,1,0,0,0,0,0,0,0,0,21,3,0,1,0,0,2,0,0,0,0,0,12,0,0,1,0,0,0,0,0,0,0,0,6,0,0,1,0,0,0,0,0,0,0,0,16,2,0,1,0,0,1,0,0,0,0,0,9,0,0,1,0,0,0,0,0,0,0,0,3,0,0,1,0,0,0,0,0,0,0,0,12,1,0,1,0,0,1,0,0,0,0,0,8,0,0,1,0,0,0,0,0,0,0,0,0,0,0,0,0,0,0,0,0,0,0,0,1,0,0,0,0,0,0,0,0,0,0,0,0,0,0,0,0,0,0,0,0,0,0,0,1,0,0,0,0,0,0,0,0,0,0,0,1,0,0,0,0,0,0,0,0,0,0,0,0,0,0,0,0,0,0,0,0,0,0,0,1,0,0,0,0,0,0,0,0,0,0,0,1,0,0,0,0,0,0,0,0,0,0,0,0,0,0,0,0,0,0,0,0,0,0,0,1,0,0,0,0,0,0,0,0,0,0,0,2,0,0,0,0,0,0,0,0,0,0,0,0,0,0,0,0,0,0,0,0,0,0,0
2021020362,2,2021-12-03,14.233333333333333,2.816666666666667,0.08333333333333333,0,0,0,7,3,0,0,0,0,4,0,0,0,0,0,2,0,0,1,0,0,6,1,0,1,0,0,2,0,0,1,1,0,3,1,0,2,0,0,4,0,0,0,0,0,0,0,0,5,1,0,0,0,0,1,0,0,0,0,0,13,6,0,0,0,0,1,0,0,0,0,0,15,1,0,1,0,0,0,0,0,0,0,0,5,1,0,0,0,0,1,0,0,0,0,0,12,5,0,0,0,0,1,0,0,0,0,0,10,1,0,1,0,0,0,0,0,0,0,0,3,0,0,0,0,0,0,0,0,0,0,0,7,2,0,0,0,0,0,0,0,0,0,0,8,0,0,1,0,0,0,0,0,0,0,0,0,0,0,0,0,0,0,0,0,0,0,0,0,0,0,0,0,0,0,0,0,0,0,0,0,0,0,0,0,0,0,0,0,0,0,0,0,0,0,0,0,0,0,0,0,0,0,0,0,0,0,0,0,0,0,0,0,0,0,0,0,0,0,0,0,0,0,0,0,0,0,0,0,0,0,0,0,0,0,0,0,0,0,0,0,0,0,0,0,0,0,0,0,0,0,0,0,0,0,0,0,0,0,0,0,0,0,0,0,0,0,0,0,0,0,0,0,0,0,0,1,0,0,0,0,0,0,0,0,0,0,0,0,0,0,0,0,0,0,0,0,0,0,0
2021020379,2,2021-12-05,18,0,0,0,0,0,8,0,0,3,0,0,13,0,0,0,0,0,1,0,0,2,0,0,8,0,0,0,0,0,1,0,0,1,0,0,2,0,0,0,0,0,0,0,0,0,0,0,0,0,0,5,0,0,1,0,0,1,0,0,0,0,0,20,0,0,3,0,0,3,0,0,0,0,0,14,0,0,0,0,0,0,0,0,0,0,0,5,0,0,1,0,0,1,0,0,0,0,0,16,0,0,2,0,0,2,0,0,0,0,0,13,0,0,0,0,0,0,0,0,0,0,0,5,0,0,1,0,0,1,0,0,0,0,0,11,0,0,1,0,0,2,0,0,0,0,0,11,0,0,0,0,0,0,0,0,0,0,0,0,0,0,0,0,0,0,0,0,0,0,0,1,0,0,0,0,0,0,0,0,0,0,0,4,0,0,0,0,0,0,0,0,0,0,0,0,0,0,0,0,0,0,0,0,0,0,0,1,0,0,0,0,0,0,0,0,0,0,0,3,0,0,0,0,0,0,0,0,0,0,0,2,0,0,0,0,0,0,0,0,0,0,0,1,0,0,0,0,0,0,0,0,0,0,0,3,0,0,0,0,0,0,0,0,0,0,0,2,0,0,0,0,0,0,0,0,0,0,0,3,0,0,0,0,0,0,0,0,0,0,0,0,0,0,0,0,0,0,0,0,0,0,0
2021020397,2,2021-12-07,15.016666666666667,0.18333333333333332,0,0,0,0,3,1,0,0,0,0,5,0,0,1,0,0,4,0,0,1,0,0,6,0,0,1,0,0,6,0,0,0,0,0,1,0,0,0,0,0,0,0,0,0,0,0,4,0,0,3,0,0,0,0,0,0,0,0,0,0,0,13,1,0,0,0,0,0,1,0,0,0,0,14,0,0,0,0,0,0,0,0,0,0,0,2,0,0,0,0,0,0,0,0,0,0,0,11,0,0,0,0,0,0,1,0,0,0,0,12,0,0,0,0,0,0,0,0,0,0,0,0,0,0,0,0,0,0,0,0,0,0,0,6,0,0,0,0,0,0,1,0,0,0,0,6,0,0,0,0,0,0,0,0,0,0,0,0,0,0,0,0,0,0,0,0,0,0,0,0,0,0,0,0,0,0,1,0,0,0,0,1,0,0,0,0,0,0,0,0,0,0,0,0,0,0,0,0,0,0,0,0,0,0,0,0,0,0,0,0,0,0,1,0,0,0,0,1,0,0,0,0,0,0,0,0,0,0,0,0,0,0,0,0,0,0,0,0,0,0,0,0,0,0,0,0,0,0,1,0,0,0,0,1,0,0,0,0,0,0,0,0,0,0,0,0,0,0,0,0,0,0,0,0,0,0,0,0,1,0,0,0,0,0,0,0,0,0,0,0,0,0,0,0,0,0,0,0,0,0,0
2021020410,2,2021-12-09,14.316666666666666,2.6666666666666665,0.15,0,0,0,5,3,0,0,0,0,5,2,0,1,0,0,5,1,0,1,1,0,5,1,0,0,0,0,2,1,0,0,0,0,2,0,0,0,0,0,0,0,0,0,0,0,0,0,0,5,1,0,0,0,0,0,0,0,0,0,0,26,5,0,0,0,0,1,1,0,0,0,0,10,0,1,2,0,0,0,0,0,0,0,0,5,1,0,0,0,0,0,0,0,0,0,0,21,4,0,0,0,0,1,1,0,0,0,0,9,0,1,2,0,0,0,0,0,0,0,0,5,1,0,0,0,0,0,0,0,0,0,0,15,3,0,0,0,0,0,1,0,0,0,0,6,0,1,1,0,0,0,0,0,0,0,0,0,0,0,0,0,0,0,0,0,0,0,0,1,0,0,0,0,0,0,1,0,0,0,0,1,0,1,0,0,0,0,0,0,0,0,0,0,0,0,0,0,0,0,0,0,0,0,0,1,0,0,0,0,0,0,1,0,0,0,0,1,0,1,0,0,0,0,0,0,0,0,0,0,0,0,0,0,0,0,0,0,0,0,0,1,0,0,0,0,0,0,1,0,0,0,0,1,0,1,0,0,0,0,0,0,0,0,0,0,0,0,0,0,0,0,0,0,0,0,0,1,1,0,0,0,0,0,0,0,0,0,0,0,0,0,0,0,0,0,0,0,0,0,0
2021020429,2,2021-12-11,17.483333333333334,3.05,0.08333333333333333,1,0,0,5,2,0,1,0,0,5,1,0,2,0,0,7,0,0,2,0,0,3,0,0,1,0,0,2,0,0,0,0,0,0,0,0,0,0,0,4,0,0,0,0,0,2,0,0,5,2,0,1,0,0,0,0,0,0,0,0,15,4,0,2,0,0,0,0,0,1,0,0,22,3,0,0,0,0,1,0,0,0,0,0,5,2,0,0,0,0,0,0,0,0,0,0,14,3,0,1,0,0,0,0,0,1,0,0,14,3,0,0,0,0,1,0,0,0,0,0,3,1,0,0,0,0,0,0,0,0,0,0,10,1,0,1,0,0,0,0,0,0,0,0,9,1,0,0,0,0,1,0,0,0,0,0,0,0,0,0,0,0,0,0,0,0,0,0,2,0,0,0,0,0,0,0,0,0,0,0,0,0,0,0,0,0,0,0,0,0,0,0,2,0,0,0,0,0,0,0,0,0,0,0,2,0,0,0,0,0,0,0,0,0,0,0,0,0,0,0,0,0,0,0,0,0,0,0,0,0,0,0,0,0,0,0,0,0,0,0,2,0,0,0,0,0,0,0,0,0,0,0,0,0,0,0,0,0,0,0,0,0,0,0,0,0,0,1,0,0,0,0,0,0,0,0,0,0,0,1,0,0,0,0,0,0,0,0,1,0,0,0,0,0,0,0,0,0,0,0
2021020450,2,2021-12-14,21,1.2166666666666666,0,0,0,0,11,0,0,0,0,0,4,1,0,5,0,0,14,0,0,4,0,0,14,2,0,1,0,0,4,0,0,2,0,0,4,0,0,0,0,0,0,0,0,0,0,0,0,0,0,6,1,0,0,0,0,0,0,0,0,0,0,14,1,0,1,0,0,1,0,0,0,0,0,19,0,0,1,0,0,0,0,0,0,0,0,6,1,0,0,0,0,0,0,0,0,0,0,11,1,0,1,0,0,1,0,0,0,0,0,13,0,0,1,0,0,0,0,0,0,0,0,4,1,0,0,0,0,0,0,0,0,0,0,8,1,0,1,0,0,1,0,0,0,0,0,10,0,0,1,0,0,0,0,0,0,0,0,0,0,0,0,0,0,0,0,0,0,0,0,0,0,0,0,0,0,1,0,0,0,0,0,1,0,0,0,0,0,0,0,0,0,0,0,0,0,0,0,0,0,0,0,0,0,0,0,0,0,0,0,0,0,1,0,0,0,0,0,1,0,0,0,0,0,0,0,0,0,0,0,0,0,0,0,0,0,0,0,0,0,0,0,0,0,0,0,0,0,1,0,0,0,0,0,1,0,0,0,0,0,0,0,0,0,0,0,0,0,0,0,0,0,0,0,0,0,0,0,1,0,0,0,0,0,0,0,0,0,0,0,0,0,0,0,0,0,0,0,0,0,0,0
2021020464,2,2021-12-16,19.566666666666666,0.8333333333333334,0.21666666666666667,0,0,0,8,1,0,0,0,0,9,0,0,6,0,0,14,0,0,2,0,0,7,0,0,1,0,0,5,0,0,0,0,0,4,0,0,0,0,0,0,0,0,0,0,0,2,0,0,6,1,0,0,0,0,0,0,0,0,0,0,19,2,0,2,0,0,0,0,0,0,0,0,18,0,0,0,0,0,0,0,0,0,0,0,5,0,0,0,0,0,0,0,0,0,0,0,14,1,0,2,0,0,0,0,0,0,0,0,9,0,0,0,0,0,0,0,0,0,0,0,4,0,0,0,0,0,0,0,0,0,0,0,12,1,0,1,0,0,0,0,0,0,0,0,8,0,0,0,0,0,0,0,0,0,0,0,1,0,0,0,0,0,0,0,0,0,0,0,1,0,0,0,0,0,0,0,0,0,0,0,1,0,0,0,0,0,0,0,0,0,0,0,0,0,0,0,0,0,0,0,0,0,0,0,1,0,0,0,0,0,0,0,0,0,0,0,1,0,0,0,0,0,0,0,0,0,0,0,0,0,0,0,0,0,0,0,0,0,0,0,1,0,0,0,0,0,0,0,0,0,0,0,1,0,0,0,0,0,0,0,0,0,0,0,0,0,0,0,0,0,0,0,0,0,0,0,0,0,0,0,0,0,0,0,0,0,0,0,0,0,0,0,0,0,0,0,0,0,0,0
2021020540,2,2021-12-28,17.833333333333332,3.533333333333333,0,0,0,0,7,2,0,0,0,0,8,2,1,1,0,0,4,0,0,0,0,0,2,1,0,0,0,0,3,0,0,0,0,0,4,0,0,2,0,0,2,0,0,0,0,0,4,0,0,5,1,0,0,0,0,1,0,0,0,0,0,14,4,0,0,0,0,1,0,0,0,0,0,14,1,0,1,0,0,1,0,0,0,0,0,4,0,0,0,0,0,1,0,0,0,0,0,11,3,0,0,0,0,1,0,0,0,0,0,12,1,0,0,0,0,1,0,0,0,0,0,2,0,0,0,0,0,1,0,0,0,0,0,8,1,0,0,0,0,1,0,0,0,0,0,10,1,0,0,0,0,1,0,0,0,0,0,0,0,0,0,0,0,1,0,0,0,0,0,2,0,0,0,0,0,1,0,0,0,0,0,1,0,0,0,0,0,1,0,0,0,0,0,0,0,0,0,0,0,0,0,0,0,0,0,2,0,0,0,0,0,0,0,0,0,0,0,1,0,0,0,0,0,1,0,0,0,0,0,1,0,0,0,0,0,0,0,0,0,0,0,2,0,0,0,0,0,0,0,0,0,0,0,0,0,0,0,0,0,1,0,0,0,0,0,0,0,0,0,0,0,0,0,0,0,0,0,1,0,0,0,0,0,0,0,0,0,0,0,1,0,0,0,0,0,0,0,0,0,0,0
2021020557,2,2021-12-30,12.55,4.95,0.08333333333333333,0,0,0,5,3,0,0,0,0,7,3,0,1,0,0,5,0,0,3,0,0,5,0,0,0,0,0,4,0,0,1,0,0,4,1,0,0,0,0,2,0,0,2,0,0,2,0,0,7,4,0,0,0,0,1,0,0,0,0,0,19,9,0,0,0,0,1,0,0,0,0,0,14,1,0,1,0,0,0,0,0,0,0,0,4,3,0,0,0,0,1,0,0,0,0,0,13,7,0,0,0,0,1,0,0,0,0,0,10,1,0,1,0,0,0,0,0,0,0,0,2,0,0,0,0,0,1,0,0,0,0,0,11,3,0,0,0,0,1,0,0,0,0,0,6,1,0,0,0,0,0,0,0,0,0,0,0,0,0,0,0,0,0,0,0,0,0,0,1,0,0,0,0,0,0,0,0,0,0,0,2,0,0,0,0,0,0,0,0,0,0,0,0,0,0,0,0,0,0,0,0,0,0,0,1,0,0,0,0,0,0,0,0,0,0,0,2,0,0,0,0,0,0,0,0,0,0,0,0,0,0,0,0,0,0,0,0,0,0,0,1,0,0,0,0,0,0,0,0,0,0,0,2,0,0,0,0,0,0,0,0,0,0,0,0,0,0,0,0,0,0,0,0,0,0,0,1,0,0,0,0,0,0,0,0,0,0,0,0,0,0,0,0,0,0,0,0,0,0,0
2021020577,2,2022-01-02,17.333333333333332,1.4166666666666667,0,0,0,0,11,2,0,0,0,0,5,0,0,8,0,0,22,0,0,1,0,0,3,0,0,1,0,0,2,0,0,0,0,0,0,0,0,0,0,0,0,0,0,0,0,0,2,2,0,5,0,0,0,0,0,0,0,0,0,0,0,21,1,0,1,0,0,0,0,0,0,0,0,19,0,0,1,0,0,3,0,0,0,0,0,5,0,0,0,0,0,0,0,0,0,0,0,17,0,0,1,0,0,0,0,0,0,0,0,15,0,0,1,0,0,3,0,0,0,0,0,2,0,0,0,0,0,0,0,0,0,0,0,11,0,0,1,0,0,0,0,0,0,0,0,8,0,0,1,0,0,3,0,0,0,0,0,0,0,0,0,0,0,0,0,0,0,0,0,3,0,0,0,0,0,0,0,0,0,0,0,1,0,0,0,0,0,2,0,0,0,0,0,2,0,0,0,0,0,0,0,0,0,0,0,3,0,0,0,0,0,0,0,0,0,0,0,1,0,0,0,0,0,2,0,0,0,0,0,1,0,0,0,0,0,0,0,0,0,0,0,2,0,0,0,0,0,0,0,0,0,0,0,1,0,0,0,0,0,2,0,0,0,0,0,0,0,0,0,0,0,0,0,0,0,0,0,0,0,0,0,0,0,0,0,0,0,0,0,3,0,0,0,0,0,0,0,0,0,0,0
2021020588,2,2022-01-04,14,3.6,0,1,0,0,6,3,0,1,0,0,10,2,0,3,0,0,9,0,0,1,0,0,6,2,0,0,0,0,1,0,0,1,0,0,2,0,0,0,0,0,7,10,0,0,0,0,2,2,0,1,1,0,0,0,0,0,0,0,0,0,0,7,3,0,1,0,0,0,0,0,0,0,0,7,1,0,1,0,0,2,0,0,0,0,0,0,1,0,0,0,0,0,0,0,0,0,0,5,2,0,1,0,0,0,0,0,0,0,0,7,1,0,1,0,0,2,0,0,0,0,0,0,1,0,0,0,0,0,0,0,0,0,0,5,1,0,1,0,0,0,0,0,0,0,0,5,1,0,1,0,0,2,0,0,0,0,0,0,0,0,0,0,0,0,0,0,0,0,0,0,0,0,1,0,0,0,0,0,0,0,0,0,1,0,0,0,0,1,0,0,0,0,0,0,0,0,0,0,0,0,0,0,0,0,0,0,0,0,1,0,0,0,0,0,0,0,0,0,1,0,0,0,0,1,0,0,0,0,0,0,0,0,1,0,0,0,0,0,0,0,0,0,0,0,1,0,0,0,0,0,0,0,0,0,1,0,0,0,0,1,0,0,0,0,0,0,0,0,0,0,0,0,0,0,0,0,0,0,0,0,0,0,0,0,0,0,0,0,0,2,0,0,0,0,0,0,0,0,0,0,0
2021020600,2,2022-01-06,18.883333333333333,1.2333333333333334,0,0,0,0,8,0,0,0,0,0,10,1,0,0,0,0,4,0,0,0,0,0,2,0,0,0,0,0,1,0,0,0,0,0,0,0,0,0,0,0,2,0,0,0,0,0,0,0,0,5,0,0,0,0,0,1,0,0,0,0,0,16,0,0,1,0,0,1,0,0,0,0,0,18,2,0,1,0,0,0,0,0,0,0,0,3,0,0,0,0,0,1,0,0,0,0,0,13,0,0,1,0,0,1,0,0,0,0,0,11,2,0,1,0,0,0,0,0,0,0,0,3,0,0,0,0,0,1,0,0,0,0,0,8,0,0,1,0,0,1,0,0,0,0,0,10,2,0,1,0,0,0,0,0,0,0,0,1,0,0,0,0,0,0,0,0,0,0,0,2,0,0,0,0,0,0,0,0,0,0,0,1,0,0,0,0,0,0,0,0,0,0,0,0,0,0,0,0,0,0,0,0,0,0,0,2,0,0,0,0,0,0,0,0,0,0,0,1,0,0,0,0,0,0,0,0,0,0,0,0,0,0,0,0,0,0,0,0,0,0,0,1,0,0,0,0,0,0,0,0,0,0,0,0,0,0,0,0,0,0,0,0,0,0,0,0,0,0,0,0,0,0,0,0,0,0,0,1,0,0,0,0,0,0,0,0,0,0,0,0,0,0,0,0,0,0,0,0,0,0,0
2021020616,2,2022-01-08,19.633333333333333,2.35,0,1,1,0,11,3,0,2,0,0,14,0,0,1,0,0,4,1,0,1,0,0,6,0,0,0,0,0,3,0,0,0,0,0,2,0,0,0,0,0,2,0,0,0,0,0,0,0,0,9,2,0,0,0,0,0,0,0,0,0,0,22,3,0,2,0,0,2,0,0,0,0,0,12,1,0,1,0,0,4,0,0,0,0,0,7,2,0,0,0,0,0,0,0,0,0,0,19,3,0,1,0,0,2,0,0,0,0,0,9,1,0,1,0,0,3,0,0,0,0,0,5,1,0,0,0,0,0,0,0,0,0,0,15,2,0,1,0,0,1,0,0,0,0,0,7,1,0,0,0,0,3,0,0,0,0,0,0,0,0,0,0,0,0,0,0,0,0,0,1,0,0,0,0,0,1,0,0,0,0,0,0,0,0,0,0,0,0,0,0,0,0,0,1,0,0,0,0,0,1,0,0,0,0,0,1,0,0,0,0,0,1,0,0,0,0,0,0,0,0,0,0,0,0,0,0,0,0,0,0,0,0,0,0,0,0,0,0,0,0,0,1,0,0,0,0,0,1,0,0,0,0,0,0,0,0,0,0,0,0,0,0,0,0,0,0,0,0,0,0,0,0,0,0,0,0,0,2,0,0,0,0,0,0,0,0,0,0,0,4,0,0,0,0,0,0,0,0,0,0,0
2021020645,2,2022-01-11,16.566666666666666,2.4833333333333334,0,0,0,0,7,3,0,1,0,0,6,0,0,0,0,0,4,0,0,1,0,0,10,0,0,1,0,0,4,0,0,1,0,0,3,0,0,2,0,0,4,0,0,0,0,0,0,0,0,4,1,0,1,0,0,1,0,0,0,0,0,14,6,0,4,0,0,2,0,0,0,0,0,7,1,0,0,0,0,0,0,0,0,0,0,4,1,0,1,0,0,1,0,0,0,0,0,11,5,0,4,0,0,2,0,0,0,0,0,7,0,0,0,0,0,0,0,0,0,0,0,2,1,0,0,0,0,1,0,0,0,0,0,8,4,0,2,0,0,2,0,0,0,0,0,6,0,0,0,0,0,0,0,0,0,0,0,0,1,0,0,0,0,0,0,0,0,0,0,0,1,0,0,0,0,0,0,0,0,0,0,1,0,0,0,0,0,0,0,0,0,0,0,0,0,0,0,0,0,0,0,0,0,0,0,0,1,0,0,0,0,0,0,0,0,0,0,1,0,0,0,0,0,0,0,0,0,0,0,0,0,0,0,0,0,0,0,0,0,0,0,0,1,0,0,0,0,0,0,0,0,0,0,1,0,0,0,0,0,0,0,0,0,0,0,1,0,0,0,0,0,0,0,0,0,0,0,2,0,0,0,0,0,0,0,0,0,0,0,0,0,0,0,0,0,0,0,0,0,0,0
2021020660,2,2022-01-13,20.266666666666666,2.55,0,1,0,0,8,2,0,0,0,0,8,1,0,1,0,0,4,0,0,3,0,0,5,0,0,0,1,0,2,1,0,1,0,0,6,0,0,2,0,0,4,0,0,0,2,0,0,2,0,6,1,0,0,0,0,0,0,0,0,0,0,18,3,0,0,0,0,2,0,0,0,0,0,18,1,0,0,0,0,1,0,0,0,0,0,5,0,0,0,0,0,0,0,0,0,0,0,16,1,0,0,0,0,2,0,0,0,0,0,12,1,0,0,0,0,1,0,0,0,0,0,2,0,0,0,0,0,0,0,0,0,0,0,11,1,0,0,0,0,2,0,0,0,0,0,12,1,0,0,0,0,1,0,0,0,0,0,0,0,0,0,0,0,0,0,0,0,0,0,0,0,0,0,0,0,0,0,0,0,0,0,1,1,0,0,0,0,0,0,0,0,0,0,0,0,0,0,0,0,0,0,0,0,0,0,0,0,0,0,0,0,0,0,0,0,0,0,1,1,0,0,0,0,0,0,0,0,0,0,0,0,0,0,0,0,0,0,0,0,0,0,0,0,0,0,0,0,0,0,0,0,0,0,0,1,0,0,0,0,0,0,0,0,0,0,2,0,0,0,0,0,0,0,0,0,0,0,3,0,0,0,0,0,0,0,0,0,0,0,1,0,0,0,0,0,0,0,0,0,0,0
2021020678,2,2022-01-15,15.416666666666666,4.866666666666666,0,0,0,0,13,3,0,0,0,0,2,1,0,2,1,0,6,1,0,1,2,0,5,2,0,0,0,0,5,1,0,2,0,0,5,0,0,0,0,0,0,0,0,0,0,0,2,0,0,4,3,0,0,0,0,0,0,0,0,0,0,14,9,0,1,0,0,0,3,0,0,0,0,9,2,0,0,1,0,0,0,0,0,0,0,3,2,0,0,0,0,0,0,0,0,0,0,10,8,0,0,0,0,0,3,0,0,0,0,5,2,0,0,1,0,0,0,0,0,0,0,2,2,0,0,0,0,0,0,0,0,0,0,9,7,0,0,0,0,0,1,0,0,0,0,3,2,0,0,1,0,0,0,0,0,0,0,0,0,0,0,0,0,0,0,0,0,0,0,1,0,0,0,0,0,0,0,0,0,0,0,0,0,0,0,0,0,0,0,0,0,0,0,0,0,0,0,0,0,0,0,0,0,0,0,1,0,0,0,0,0,0,0,0,0,0,0,0,0,0,0,0,0,0,0,0,0,0,0,1,0,0,0,0,0,0,0,0,0,0,0,1,0,0,0,0,0,0,0,0,0,0,0,0,0,0,0,0,0,0,0,0,0,0,0,0,2,0,0,0,0,0,0,0,0,0,0,0,3,0,0,0,0,0,0,0,0,0,0,0,0,0,0,0,0,0,0,0,0,0,0
2021020689,2,2022-01-17,15.4,2.8333333333333335,0,0,0,0,5,2,0,0,0,0,3,1,0,0,0,0,1,0,0,0,0,0,3,1,0,2,0,0,3,0,0,1,0,0,5,0,0,0,0,0,0,0,0,0,0,0,2,0,0,4,2,0,0,0,0,1,0,0,1,0,0,16,5,0,0,0,0,2,0,0,1,0,0,17,0,0,0,0,0,2,0,0,0,0,0,3,2,0,0,0,0,1,0,0,1,0,0,10,5,0,0,0,0,1,0,0,1,0,0,14,0,0,0,0,0,2,0,0,0,0,0,2,2,0,0,0,0,1,0,0,1,0,0,7,2,0,0,0,0,1,0,0,1,0,0,10,0,0,0,0,0,2,0,0,0,0,0,1,2,0,0,0,0,1,0,0,1,0,0,2,2,0,0,0,0,1,0,0,1,0,0,1,0,0,0,0,0,0,0,0,0,0,0,0,0,0,0,0,0,0,0,0,0,0,0,2,2,0,0,0,0,0,0,0,1,0,0,1,0,0,0,0,0,0,0,0,0,0,0,0,0,0,0,0,0,0,0,0,0,0,0,1,2,0,0,0,0,0,0,0,0,0,0,1,0,0,0,0,0,0,0,0,0,0,0,1,0,0,0,0,0,0,0,0,0,0,0,3,0,0,0,0,0,0,0,0,0,0,0,2,0,0,0,0,0,0,0,0,0,0,0
2021020712,2,2022-01-20,14.683333333333334,6.683333333333334,0,1,0,0,8,5,0,0,0,0,3,4,0,3,0,0,6,0,0,0,0,0,3,1,0,0,0,0,0,0,0,1,0,0,2,0,0,2,0,0,4,0,0,0,0,0,2,0,0,7,1,0,0,1,0,0,0,0,0,0,0,18,12,0,0,1,0,2,0,0,0,0,0,11,0,0,0,0,0,0,0,0,0,0,0,3,1,0,0,1,0,0,0,0,0,0,0,14,7,0,0,1,0,1,0,0,0,0,0,8,0,0,0,0,0,0,0,0,0,0,0,2,1,0,0,1,0,0,0,0,0,0,0,8,3,0,0,1,0,0,0,0,0,0,0,4,0,0,0,0,0,0,0,0,0,0,0,0,0,0,0,1,0,0,0,0,0,0,0,1,0,0,0,1,0,0,0,0,0,0,0,0,0,0,0,0,0,0,0,0,0,0,0,0,0,0,0,0,0,0,0,0,0,0,0,1,0,0,0,1,0,0,0,0,0,0,0,0,0,0,0,0,0,0,0,0,0,0,0,0,0,0,0,0,0,0,0,0,0,0,0,0,0,0,0,1,0,0,0,0,0,0,0,0,0,0,0,0,0,0,0,0,0,0,0,0,0,0,0,0,0,0,0,0,0,0,0,1,0,0,0,0,0,1,0,0,0,0,0,0,0,0,0,0,0,0,0,0,0,0,0
2021020731,2,2022-01-22,15.25,2.65,0,0,0,0,9,2,0,0,0,0,5,1,0,1,0,0,3,0,0,1,0,0,2,0,0,0,0,0,2,1,0,2,0,0,4,2,0,2,0,0,2,0,0,0,0,0,0,0,0,7,1,0,0,0,0,0,0,0,0,0,0,18,3,0,0,0,0,1,1,0,0,0,0,9,1,0,1,0,0,2,0,0,0,0,0,7,1,0,0,0,0,0,0,0,0,0,0,14,3,0,0,0,0,1,1,0,0,0,0,6,0,0,1,0,0,2,0,0,0,0,0,2,0,0,0,0,0,0,0,0,0,0,0,8,2,0,0,0,0,1,1,0,0,0,0,3,0,0,0,0,0,2,0,0,0,0,0,0,0,0,0,0,0,0,0,0,0,0,0,0,0,0,0,0,0,1,0,0,0,0,0,0,0,0,0,0,0,1,0,0,0,0,0,0,0,0,0,0,0,0,0,0,0,0,0,0,0,0,0,0,0,1,0,0,0,0,0,0,0,0,0,0,0,1,0,0,0,0,0,0,0,0,0,0,0,0,0,0,0,0,0,0,0,0,0,0,0,0,0,0,0,0,0,0,0,0,0,0,0,1,0,0,0,0,0,0,0,0,0,0,0,0,0,0,0,0,0,1,1,0,0,0,0,0,0,0,0,0,0,1,0,0,0,0,0,1,0,0,0,0,0
2021020754,2,2022-01-26,19.933333333333334,1.0166666666666666,0,0,0,0,9,1,0,0,0,0,12,0,0,0,0,0,9,0,0,2,0,0,15,0,0,1,0,0,3,0,0,1,0,0,4,1,0,0,0,0,0,0,0,2,0,0,2,0,0,8,0,0,1,0,0,3,0,0,0,0,0,19,0,0,2,0,0,7,0,0,0,0,0,20,0,0,1,1,0,1,0,0,0,0,0,7,0,0,1,0,0,3,0,0,0,0,0,16,0,0,2,0,0,6,0,0,0,0,0,14,0,0,1,1,0,1,0,0,0,0,0,5,0,0,1,0,0,3,0,0,0,0,0,10,0,0,2,0,0,5,0,0,0,0,0,10,0,0,0,1,0,1,0,0,0,0,0,0,0,0,0,0,0,0,0,0,0,0,0,1,0,0,0,0,0,0,0,0,0,0,0,0,0,0,0,0,0,0,0,0,0,0,0,1,0,0,0,0,0,0,0,0,0,0,0,1,0,0,0,0,0,0,0,0,0,0,0,0,0,0,0,0,0,0,0,0,0,0,0,0,0,0,0,0,0,0,0,0,0,0,0,1,0,0,0,0,0,0,0,0,0,0,0,0,0,0,0,0,0,0,0,0,0,0,0,1,0,0,0,0,0,1,0,0,0,0,0,3,0,0,1,0,0,3,0,0,0,0,0,1,0,0,0,0,0,0,0,0,0,0,0
2021020776,2,2022-01-29,17.916666666666668,2.0833333333333335,0,0,0,0,10,1,0,0,0,0,7,1,0,0,0,0,7,0,0,1,0,0,6,0,0,0,0,0,4,0,0,0,0,0,5,1,0,0,0,0,2,0,2,0,0,0,2,0,0,4,0,0,0,0,0,0,0,0,0,0,0,13,0,0,0,0,0,4,0,0,0,0,0,27,0,0,2,0,0,3,0,0,2,0,0,4,0,0,0,0,0,0,0,0,0,0,0,9,0,0,0,0,0,4,0,0,0,0,0,19,0,0,2,0,0,2,0,0,2,0,0,3,0,0,0,0,0,0,0,0,0,0,0,6,0,0,0,0,0,4,0,0,0,0,0,13,0,0,2,0,0,2,0,0,2,0,0,0,0,0,0,0,0,0,0,0,0,0,0,0,0,0,0,0,0,0,0,0,0,0,0,1,0,0,0,0,0,0,0,0,1,0,0,0,0,0,0,0,0,0,0,0,0,0,0,0,0,0,0,0,0,0,0,0,0,0,0,1,0,0,0,0,0,0,0,0,1,0,0,0,0,0,0,0,0,0,0,0,0,0,0,0,0,0,0,0,0,0,0,0,0,0,0,1,0,0,0,0,0,0,0,0,0,0,0,1,0,0,0,0,0,0,0,0,0,0,0,1,0,0,0,0,0,3,0,0,0,0,0,3,0,0,1,0,0,0,0,0,1,0,0
2021020787,2,2022-01-30,18.316666666666666,1.8,0,0,0,0,7,0,0,0,0,0,12,1,0,0,0,0,7,0,0,1,0,0,7,0,0,1,0,0,5,0,0,2,0,0,5,0,0,0,0,0,0,0,0,0,0,0,0,0,0,7,0,0,0,0,0,0,0,0,1,0,0,16,1,0,3,0,0,1,0,0,1,0,0,20,0,0,3,0,0,0,0,0,0,0,0,5,0,0,0,0,0,0,0,0,1,0,0,13,1,0,1,0,0,1,0,0,1,0,0,12,0,0,1,0,0,0,0,0,0,0,0,4,0,0,0,0,0,0,0,0,0,0,0,10,1,0,1,0,0,1,0,0,0,0,0,5,0,0,0,0,0,0,0,0,0,0,0,0,0,0,0,0,0,0,0,0,0,0,0,0,0,0,0,0,0,0,0,0,0,0,0,0,0,0,0,0,0,0,0,0,0,0,0,0,0,0,0,0,0,0,0,0,0,0,0,0,0,0,0,0,0,0,0,0,0,0,0,0,0,0,0,0,0,0,0,0,0,0,0,0,0,0,0,0,0,0,0,0,0,0,0,0,0,0,0,0,0,0,0,0,0,0,0,0,0,0,0,0,0,0,0,0,0,0,0,1,0,0,0,0,0,0,0,0,0,0,0,1,0,0,1,0,0,0,0,0,0,0,0,0,0,0,0,0,0,0,0,0,0,0,0
2021020797,2,2022-02-01,17.866666666666667,1.9,0,0,0,0,5,2,0,0,0,0,7,1,0,4,0,0,13,1,0,4,0,0,16,0,0,0,0,0,1,0,0,0,0,0,0,0,0,6,0,0,4,0,0,2,4,0,2,2,0,0,1,0,0,0,0,0,0,0,0,0,0,10,4,0,0,0,0,0,0,0,0,0,0,11,1,0,2,0,0,3,0,0,0,0,0,0,1,0,0,0,0,0,0,0,0,0,0,7,4,0,0,0,0,0,0,0,0,0,0,10,1,0,1,0,0,3,0,0,0,0,0,0,0,0,0,0,0,0,0,0,0,0,0,4,2,0,0,0,0,0,0,0,0,0,0,6,0,0,1,0,0,3,0,0,0,0,0,0,0,0,0,0,0,0,0,0,0,0,0,0,0,0,0,0,0,0,0,0,0,0,0,0,0,0,0,0,0,0,0,0,0,0,0,0,0,0,0,0,0,0,0,0,0,0,0,0,0,0,0,0,0,0,0,0,0,0,0,0,0,0,0,0,0,0,0,0,0,0,0,0,0,0,0,0,0,0,0,0,0,0,0,0,0,0,0,0,0,0,0,0,0,0,0,0,0,0,0,0,0,0,0,0,0,0,0,0,0,0,0,0,0,0,0,0,0,0,0,0,0,0,0,0,0,0,0,0,0,0,0,1,0,0,0,0,0,2,0,0,0,0,0
2021020522,2,2022-02-14,14.133333333333333,4.033333333333333,0,1,0,0,8,3,0,0,0,0,7,1,0,1,0,0,4,0,0,2,0,0,6,1,0,2,0,0,2,0,0,1,0,0,2,0,0,4,0,0,4,0,0,2,0,2,2,0,2,3,5,0,0,0,0,0,0,0,0,0,0,8,6,0,0,0,0,0,0,0,0,0,0,12,1,0,1,0,0,0,0,0,0,0,0,3,3,0,0,0,0,0,0,0,0,0,0,8,4,0,0,0,0,0,0,0,0,0,0,10,1,0,1,0,0,0,0,0,0,0,0,3,3,0,0,0,0,0,0,0,0,0,0,8,4,0,0,0,0,0,0,0,0,0,0,6,1,0,1,0,0,0,0,0,0,0,0,0,0,0,0,0,0,0,0,0,0,0,0,0,0,0,0,0,0,0,0,0,0,0,0,0,0,0,0,0,0,0,0,0,0,0,0,0,0,0,0,0,0,0,0,0,0,0,0,0,0,0,0,0,0,0,0,0,0,0,0,0,0,0,0,0,0,0,0,0,0,0,0,0,0,0,0,0,0,0,0,0,0,0,0,0,0,0,0,0,0,0,0,0,0,0,0,0,0,0,0,0,0,0,0,0,0,0,0,0,0,0,0,0,0,0,0,0,0,0,0,0,0,0,0,0,0,0,0,0,0,0,0,0,0,0,0,0,0,0,0,0,0,0,0
2021020502,2,2022-02-17,16.25,3.75,0.31666666666666665,0,0,0,6,5,0,1,0,0,6,0,0,2,0,0,5,0,0,1,0,0,5,0,0,2,0,0,4,0,0,0,0,0,3,0,0,0,0,0,2,0,0,2,0,0,2,0,0,10,4,0,0,0,0,0,0,0,0,0,0,23,8,0,1,0,0,1,0,0,0,0,0,9,0,0,1,0,0,1,0,0,0,0,0,7,4,0,0,0,0,0,0,0,0,0,0,15,6,0,1,0,0,1,0,0,0,0,0,7,0,0,1,0,0,1,0,0,0,0,0,4,4,0,0,0,0,0,0,0,0,0,0,8,6,0,1,0,0,0,0,0,0,0,0,5,0,0,1,0,0,0,0,0,0,0,0,0,2,0,0,0,0,0,0,0,0,0,0,1,2,0,0,0,0,0,0,0,0,0,0,1,0,0,1,0,0,0,0,0,0,0,0,1,0,0,0,0,0,0,0,0,0,0,0,1,2,0,0,0,0,0,0,0,0,0,0,1,0,0,0,0,0,0,0,0,0,0,0,0,0,0,0,0,0,0,0,0,0,0,0,1,2,0,0,0,0,0,0,0,0,0,0,0,0,0,0,0,0,0,0,0,0,0,0,1,0,0,0,0,0,0,0,0,0,0,0,1,0,0,0,0,0,0,0,0,0,0,0,1,0,0,0,0,0,0,0,0,0,0,0
2021021161,2,2022-02-20,17.566666666666666,1.8833333333333333,0.016666666666666666,0,0,0,10,2,0,1,0,0,11,1,0,4,0,0,12,0,0,2,0,0,5,0,0,0,0,0,3,0,0,0,1,0,2,2,0,0,0,0,0,0,0,0,0,0,0,0,0,7,2,0,0,0,0,0,0,0,0,0,0,19,4,0,1,0,0,0,0,0,0,0,0,22,0,0,0,0,0,2,0,0,0,0,0,6,2,0,0,0,0,0,0,0,0,0,0,15,2,0,1,0,0,0,0,0,0,0,0,15,0,0,0,0,0,2,0,0,0,0,0,5,2,0,0,0,0,0,0,0,0,0,0,11,2,0,0,0,0,0,0,0,0,0,0,12,0,0,0,0,0,2,0,0,0,0,0,0,0,0,0,0,0,0,0,0,0,0,0,0,0,0,0,0,0,0,0,0,0,0,0,2,0,0,0,0,0,0,0,0,0,0,0,0,0,0,0,0,0,0,0,0,0,0,0,0,0,0,0,0,0,0,0,0,0,0,0,2,0,0,0,0,0,0,0,0,0,0,0,0,0,0,0,0,0,0,0,0,0,0,0,0,0,0,0,0,0,0,0,0,0,0,0,2,0,0,0,0,0,0,0,0,0,0,0,0,0,0,0,0,0,0,0,0,0,0,0,0,0,0,0,0,0,0,0,0,0,0,0,1,0,0,0,0,0,1,0,0,0,0,0
2021020536,2,2022-02-22,15.466666666666667,6.4,0.03333333333333333,0,0,0,6,7,0,0,0,0,5,1,1,2,0,0,6,0,0,1,0,0,9,0,0,0,0,0,0,0,0,2,1,0,2,1,0,0,0,0,2,0,0,0,0,0,2,0,0,8,6,0,0,0,0,0,0,0,0,0,0,18,10,0,0,0,0,0,2,0,0,0,0,11,1,0,0,0,0,2,0,0,0,0,0,5,4,0,0,0,0,0,0,0,0,0,0,13,9,0,0,0,0,0,2,0,0,0,0,4,0,0,0,0,0,2,0,0,0,0,0,5,4,0,0,0,0,0,0,0,0,0,0,11,8,0,0,0,0,0,2,0,0,0,0,1,0,0,0,0,0,0,0,0,0,0,0,0,0,0,0,0,0,0,0,0,0,0,0,1,0,0,0,0,0,0,1,0,0,0,0,0,0,0,0,0,0,0,0,0,0,0,0,0,0,0,0,0,0,0,0,0,0,0,0,1,0,0,0,0,0,0,1,0,0,0,0,0,0,0,0,0,0,0,0,0,0,0,0,1,0,0,0,0,0,0,1,0,0,0,0,1,0,0,0,0,0,0,1,0,0,0,0,0,0,0,0,0,0,0,0,0,0,0,0,0,0,0,0,0,0,0,0,0,0,0,0,0,2,0,0,0,0,0,0,0,0,0,0,2,0,0,0,0,0,0,0,0,0,0,0
2021020821,2,2022-02-24,20.233333333333334,1.4833333333333334,0,0,0,0,8,2,1,0,0,0,5,0,1,2,0,0,12,0,0,0,0,0,8,0,0,0,0,0,2,0,0,0,0,0,3,0,0,0,0,0,2,0,0,0,0,0,2,0,0,5,0,0,0,0,0,0,0,0,0,0,0,16,2,0,0,0,0,0,0,0,0,0,0,12,0,4,3,0,0,2,0,0,0,0,0,4,0,0,0,0,0,0,0,0,0,0,0,12,2,0,0,0,0,0,0,0,0,0,0,9,0,4,2,0,0,2,0,0,0,0,0,2,0,0,0,0,0,0,0,0,0,0,0,7,2,0,0,0,0,0,0,0,0,0,0,8,0,3,2,0,0,2,0,0,0,0,0,0,0,0,0,0,0,0,0,0,0,0,0,0,2,0,0,0,0,0,0,0,0,0,0,0,0,0,0,0,0,0,0,0,0,0,0,0,0,0,0,0,0,0,0,0,0,0,0,0,2,0,0,0,0,0,0,0,0,0,0,0,0,0,0,0,0,0,0,0,0,0,0,0,0,0,0,0,0,0,0,0,0,0,0,0,2,0,0,0,0,0,0,0,0,0,0,0,0,0,0,0,0,0,0,0,0,0,0,0,0,0,0,0,0,0,0,0,0,0,0,0,0,0,0,0,0,0,0,0,0,0,0,1,0,0,0,0,0,1,0,0,0,0,0
2021020838,2,2022-02-26,15,4,0,0,0,0,5,2,0,0,0,0,4,2,0,1,0,0,4,0,0,0,0,0,2,1,0,0,0,0,6,0,0,1,0,0,2,1,0,0,0,0,4,0,0,0,0,0,2,0,0,3,2,0,0,0,0,0,0,0,0,0,0,12,3,0,1,0,0,1,0,0,0,0,0,10,1,0,2,1,0,0,0,0,0,0,0,2,1,0,0,0,0,0,0,0,0,0,0,7,2,0,1,0,0,0,0,0,0,0,0,7,1,0,1,0,0,0,0,0,0,0,0,2,1,0,0,0,0,0,0,0,0,0,0,5,1,0,0,0,0,0,0,0,0,0,0,4,1,0,1,0,0,0,0,0,0,0,0,0,1,0,0,0,0,0,0,0,0,0,0,0,1,0,0,0,0,0,0,0,0,0,0,1,0,0,0,0,0,0,0,0,0,0,0,0,0,0,0,0,0,0,0,0,0,0,0,0,1,0,0,0,0,0,0,0,0,0,0,1,0,0,0,0,0,0,0,0,0,0,0,0,0,0,0,0,0,0,0,0,0,0,0,0,1,0,0,0,0,0,0,0,0,0,0,1,0,0,0,0,0,0,0,0,0,0,0,0,0,0,0,0,0,0,0,0,0,0,0,1,0,0,0,0,0,0,0,0,0,0,0,0,0,0,0,0,0,0,0,0,0,0,0
2021020846,2,2022-02-27,17.25,4.316666666666666,0,1,0,0,10,3,0,0,0,0,5,3,0,2,0,0,7,2,0,1,0,0,5,0,0,1,0,0,2,0,0,0,0,0,1,1,0,0,0,0,2,0,0,0,0,0,0,0,0,5,1,0,0,0,0,1,0,0,0,0,0,12,1,0,0,0,0,1,0,0,0,0,0,20,3,0,1,0,0,1,0,0,0,0,0,5,1,0,0,0,0,1,0,0,0,0,0,10,1,0,0,0,0,1,0,0,0,0,0,17,2,0,0,0,0,0,0,0,0,0,0,4,1,0,0,0,0,1,0,0,0,0,0,9,1,0,0,0,0,1,0,0,0,0,0,14,2,0,0,0,0,0,0,0,0,0,0,0,0,0,0,0,0,0,0,0,0,0,0,0,0,0,0,0,0,0,0,0,0,0,0,0,0,0,0,0,0,0,0,0,0,0,0,0,0,0,0,0,0,0,0,0,0,0,0,0,0,0,0,0,0,0,0,0,0,0,0,0,0,0,0,0,0,0,0,0,0,0,0,0,0,0,0,0,0,0,0,0,0,0,0,0,0,0,0,0,0,0,0,0,0,0,0,0,0,0,0,0,0,0,0,0,0,0,0,1,0,0,0,0,0,0,0,0,0,0,0,1,0,0,0,0,0,0,0,0,0,0,0,1,0,0,0,0,0,0,0,0,0,0,0
2021020858,2,2022-03-01,18.533333333333335,0,0,0,0,0,9,0,0,1,0,0,5,0,0,3,0,0,9,0,0,2,0,0,3,0,0,0,0,0,4,0,0,1,0,0,2,0,0,0,0,0,0,0,0,0,0,0,2,0,0,4,0,0,1,0,0,0,0,0,0,0,0,12,0,0,1,0,0,1,0,0,0,0,0,12,0,0,1,0,0,0,0,0,0,0,0,4,0,0,0,0,0,0,0,0,0,0,0,10,0,0,0,0,0,0,0,0,0,0,0,8,0,0,0,0,0,0,0,0,0,0,0,2,0,0,0,0,0,0,0,0,0,0,0,7,0,0,0,0,0,0,0,0,0,0,0,6,0,0,0,0,0,0,0,0,0,0,0,0,0,0,0,0,0,0,0,0,0,0,0,0,0,0,0,0,0,0,0,0,0,0,0,0,0,0,0,0,0,0,0,0,0,0,0,0,0,0,0,0,0,0,0,0,0,0,0,0,0,0,0,0,0,0,0,0,0,0,0,0,0,0,0,0,0,0,0,0,0,0,0,0,0,0,0,0,0,0,0,0,0,0,0,0,0,0,0,0,0,0,0,0,0,0,0,0,0,0,0,0,0,0,0,0,0,0,0,1,0,0,0,0,0,0,0,0,0,0,0,1,0,0,0,0,0,0,0,0,0,0,0,0,0,0,0,0,0,0,0,0,0,0,0
2021020889,2,2022-03-05,13.7,2.566666666666667,0,0,0,0,9,2,0,0,0,0,8,1,0,4,1,0,10,1,0,3,0,0,12,0,0,0,0,0,3,0,0,1,0,0,4,0,0,2,0,0,4,0,5,2,2,0,9,4,0,5,2,0,0,0,0,0,1,0,0,0,0,14,5,0,0,0,0,0,1,0,0,0,0,9,1,1,2,0,0,0,0,0,0,0,0,3,2,0,0,0,0,0,1,0,0,0,0,8,4,0,0,0,0,0,1,0,0,0,0,8,1,1,2,0,0,0,0,0,0,0,0,2,1,0,0,0,0,0,1,0,0,0,0,6,1,0,0,0,0,0,1,0,0,0,0,6,1,0,2,0,0,0,0,0,0,0,0,0,0,0,0,0,0,0,0,0,0,0,0,0,0,0,0,0,0,0,0,0,0,0,0,1,0,0,1,0,0,0,0,0,0,0,0,0,0,0,0,0,0,0,0,0,0,0,0,0,0,0,0,0,0,0,0,0,0,0,0,1,0,0,1,0,0,0,0,0,0,0,0,0,0,0,0,0,0,0,0,0,0,0,0,0,0,0,0,0,0,0,0,0,0,0,0,1,0,0,1,0,0,0,0,0,0,0,0,0,0,0,0,0,0,0,0,0,0,0,0,0,1,0,0,0,0,0,0,0,0,0,0,0,0,0,0,0,0,0,0,0,0,0,0
2021020897,2,2022-03-06,13.066666666666666,3.85,0,0,0,0,4,2,0,0,0,0,7,1,0,3,0,0,5,0,0,0,0,0,5,1,0,0,0,0,2,2,0,0,0,0,3,2,0,0,0,0,0,0,0,2,0,0,6,0,0,5,2,0,0,0,0,0,0,0,0,0,0,7,2,0,0,0,0,1,1,0,0,0,0,14,2,0,2,0,0,5,0,0,0,0,0,5,1,0,0,0,0,0,0,0,0,0,0,7,1,0,0,0,0,0,1,0,0,0,0,11,2,0,2,0,0,5,0,0,0,0,0,4,1,0,0,0,0,0,0,0,0,0,0,6,1,0,0,0,0,0,1,0,0,0,0,10,2,0,1,0,0,3,0,0,0,0,0,0,0,0,0,0,0,0,0,0,0,0,0,1,0,0,0,0,0,0,0,0,0,0,0,0,0,0,0,0,0,1,0,0,0,0,0,1,0,0,0,0,0,0,0,0,0,0,0,1,0,0,0,0,0,0,0,0,0,0,0,0,0,0,0,0,0,1,0,0,0,0,0,0,0,0,0,0,0,0,0,0,0,0,0,1,0,0,0,0,0,0,0,0,0,0,0,0,0,0,0,0,0,1,0,0,0,0,0,1,1,0,0,0,0,0,0,0,0,0,0,1,1,0,0,0,0,0,0,0,0,0,0,1,0,0,0,0,0,3,0,0,0,0,0
2021020927,2,2022-03-10,13.983333333333333,6.883333333333334,0,0,0,0,5,6,0,0,0,0,9,1,0,1,0,0,4,0,0,0,0,0,4,4,0,0,0,0,0,0,0,0,0,0,2,0,0,4,0,0,6,0,0,0,0,0,4,2,0,5,0,0,1,0,0,0,1,0,0,0,0,13,8,0,2,0,0,0,1,0,1,0,0,19,3,0,2,0,0,5,0,0,0,0,0,4,0,0,1,0,0,0,1,0,0,0,0,9,7,0,2,0,0,0,1,0,1,0,0,13,3,0,2,0,0,4,0,0,0,0,0,3,0,0,0,0,0,0,0,0,0,0,0,6,4,0,1,0,0,0,0,0,1,0,0,9,3,0,1,0,0,4,0,0,0,0,0,0,0,0,0,0,0,0,0,0,0,0,0,0,1,0,0,0,0,0,0,0,0,0,0,1,1,0,0,0,0,1,0,0,0,0,0,0,0,0,0,0,0,0,0,0,0,0,0,0,1,0,0,0,0,0,0,0,0,0,0,1,1,0,0,0,0,1,0,0,0,0,0,0,0,0,0,0,0,0,0,0,0,0,0,0,1,0,0,0,0,0,0,0,0,0,0,1,0,0,0,0,0,1,0,0,0,0,0,0,0,0,0,0,0,0,0,0,0,0,0,0,1,0,1,0,0,0,0,0,0,0,0,4,0,0,0,0,0,1,0,0,0,0,0
2021020941,2,2022-03-12,17.483333333333334,1.7333333333333334,0,0,0,0,4,2,0,0,0,0,8,0,0,0,0,0,4,0,0,3,0,0,8,0,0,0,0,0,1,0,0,1,0,0,5,0,0,2,0,0,2,0,0,2,0,0,2,0,0,3,2,0,1,0,0,0,0,0,0,0,0,16,2,0,2,0,0,0,1,0,0,0,0,17,0,0,1,0,0,0,0,0,0,0,0,2,2,0,1,0,0,0,0,0,0,0,0,11,2,0,2,0,0,0,1,0,0,0,0,9,0,0,1,0,0,0,0,0,0,0,0,2,1,0,1,0,0,0,0,0,0,0,0,10,1,0,2,0,0,0,1,0,0,0,0,7,0,0,0,0,0,0,0,0,0,0,0,0,1,0,0,0,0,0,0,0,0,0,0,0,1,0,1,0,0,0,1,0,0,0,0,0,0,0,0,0,0,0,0,0,0,0,0,0,0,0,1,0,0,0,0,0,0,0,0,0,1,0,1,0,0,0,1,0,0,0,0,0,0,0,0,0,0,0,0,0,0,0,0,0,0,0,0,0,0,0,1,0,0,0,0,0,1,0,0,0,0,0,1,0,0,0,0,0,0,0,0,0,0,0,0,0,0,0,0,0,1,0,0,0,0,0,0,0,0,0,0,0,1,0,0,0,0,0,0,0,0,0,0,0,0,0,0,0,0,0,0,0,0,0,0
2021020963,2,2022-03-15,14.366666666666667,6.416666666666667,0,0,0,0,6,8,0,0,0,0,5,1,0,0,0,0,2,0,0,3,0,0,5,0,0,1,0,0,5,0,0,3,0,0,7,0,0,0,0,0,2,0,0,0,0,0,0,0,0,1,4,0,0,0,0,0,1,0,0,0,0,3,16,0,1,0,0,0,3,0,0,0,0,14,3,0,1,0,0,1,0,0,0,0,0,1,3,0,0,0,0,0,1,0,0,0,0,1,9,0,1,0,0,0,2,0,0,0,0,6,2,0,1,0,0,0,0,0,0,0,0,1,2,0,0,0,0,0,1,0,0,0,0,1,6,0,1,0,0,0,2,0,0,0,0,1,2,0,1,0,0,0,0,0,0,0,0,0,0,0,0,0,0,0,0,0,0,0,0,0,1,0,0,0,0,0,0,0,0,0,0,0,1,0,0,0,0,0,0,0,0,0,0,0,0,0,0,0,0,0,0,0,0,0,0,0,1,0,0,0,0,0,0,0,0,0,0,0,0,0,0,0,0,0,0,0,0,0,0,0,1,0,0,0,0,0,0,0,0,0,0,0,1,0,0,0,0,0,0,0,0,0,0,0,0,0,0,0,0,0,0,0,0,0,0,0,0,0,0,0,0,0,0,0,0,0,0,0,2,0,0,0,0,0,1,0,0,0,0,1,0,0,0,0,0,0,0,0,0,0,0
2021020976,2,2022-03-17,16.216666666666665,3.15,0,0,0,0,7,2,0,0,0,0,6,1,0,3,0,0,4,0,0,1,1,0,4,1,0,0,0,0,1,0,0,0,0,0,1,0,0,2,0,0,2,0,0,4,0,0,6,0,0,7,2,0,0,0,0,0,0,0,0,0,0,12,10,0,0,0,0,1,3,0,0,0,0,14,1,0,0,0,0,1,0,0,1,0,0,4,1,0,0,0,0,0,0,0,0,0,0,8,7,0,0,0,0,0,2,0,0,0,0,12,1,0,0,0,0,1,0,0,1,0,0,3,1,0,0,0,0,0,0,0,0,0,0,6,4,0,0,0,0,0,2,0,0,0,0,8,1,0,0,0,0,1,0,0,1,0,0,0,0,0,0,0,0,0,0,0,0,0,0,0,0,0,0,0,0,0,0,0,0,0,0,1,0,0,0,0,0,1,0,0,0,0,0,0,0,0,0,0,0,0,0,0,0,0,0,0,0,0,0,0,0,0,0,0,0,0,0,0,0,0,0,0,0,1,0,0,0,0,0,0,0,0,0,0,0,0,0,0,0,0,0,0,0,0,0,0,0,0,0,0,0,0,0,0,0,0,0,0,0,1,0,0,0,0,0,0,0,0,0,0,0,0,0,0,0,0,0,2,1,0,0,0,0,0,1,0,0,0,0,2,0,0,0,0,0,0,0,0,0,0,0
2021020982,2,2022-03-18,15.216666666666667,6.25,0,0,0,0,8,3,0,0,0,0,8,3,0,0,0,0,4,0,0,0,0,0,2,0,0,1,0,0,3,2,0,0,0,0,2,2,0,4,0,0,6,0,0,0,0,0,0,0,0,7,1,0,1,0,0,0,0,0,0,0,0,10,7,0,1,0,0,0,0,0,0,0,0,13,2,0,0,0,0,2,0,0,0,0,0,5,1,0,0,0,0,0,0,0,0,0,0,8,5,0,0,0,0,0,0,0,0,0,0,10,1,0,0,0,0,2,0,0,0,0,0,4,1,0,0,0,0,0,0,0,0,0,0,7,4,0,0,0,0,0,0,0,0,0,0,7,0,0,0,0,0,2,0,0,0,0,0,0,0,0,0,0,0,0,0,0,0,0,0,0,0,0,0,0,0,0,0,0,0,0,0,1,0,0,0,0,0,2,0,0,0,0,0,0,0,0,0,0,0,0,0,0,0,0,0,0,0,0,0,0,0,0,0,0,0,0,0,1,0,0,0,0,0,2,0,0,0,0,0,0,0,0,0,0,0,0,0,0,0,0,0,0,0,0,0,0,0,0,0,0,0,0,0,1,0,0,0,0,0,2,0,0,0,0,0,0,0,0,0,0,0,0,0,0,0,0,0,0,0,0,0,0,0,0,0,0,0,0,0,2,0,0,0,0,0,0,0,0,0,0,0
2021020999,2,2022-03-20,15.516666666666667,4.2,0,0,0,0,6,0,0,0,0,0,5,4,0,1,0,0,6,1,0,1,1,0,3,1,0,2,0,0,7,0,0,1,0,0,3,0,0,0,0,0,2,0,0,0,0,0,0,0,0,3,3,0,0,0,0,0,0,0,0,0,0,17,11,0,1,0,0,3,0,0,0,0,0,9,0,0,1,0,0,0,0,0,0,0,0,3,2,0,0,0,0,0,0,0,0,0,0,14,8,0,1,0,0,3,0,0,0,0,0,6,0,0,0,0,0,0,0,0,0,0,0,2,1,0,0,0,0,0,0,0,0,0,0,8,5,0,1,0,0,3,0,0,0,0,0,4,0,0,0,0,0,0,0,0,0,0,0,1,0,0,0,0,0,0,0,0,0,0,0,2,0,0,0,0,0,0,0,0,0,0,0,0,0,0,0,0,0,0,0,0,0,0,0,0,0,0,0,0,0,0,0,0,0,0,0,1,0,0,0,0,0,0,0,0,0,0,0,0,0,0,0,0,0,0,0,0,0,0,0,0,0,0,0,0,0,0,0,0,0,0,0,1,0,0,0,0,0,0,0,0,0,0,0,0,0,0,0,0,0,0,0,0,0,0,0,0,0,0,0,0,0,0,0,0,0,0,0,2,0,0,0,0,0,1,0,0,0,0,0,0,0,0,0,0,0,0,0,0,0,0,0
2021021012,2,2022-03-22,16.166666666666668,1.9333333333333333,0,0,0,0,9,3,0,1,0,0,6,1,0,2,0,0,8,0,0,0,0,0,8,0,0,0,0,0,1,0,0,1,0,0,4,0,0,0,0,0,2,0,0,2,0,0,0,0,0,6,2,0,0,0,0,1,0,0,0,0,0,17,8,0,3,0,0,2,1,0,1,0,0,9,0,0,1,0,0,0,0,0,0,0,0,4,1,0,0,0,0,1,0,0,0,0,0,13,6,0,3,0,0,2,1,0,1,0,0,8,0,0,0,0,0,0,0,0,0,0,0,2,1,0,0,0,0,1,0,0,0,0,0,9,4,0,3,0,0,2,1,0,1,0,0,5,0,0,0,0,0,0,0,0,0,0,0,0,0,0,0,0,0,1,0,0,0,0,0,1,0,0,1,0,0,1,0,0,0,0,0,0,0,0,0,0,0,0,0,0,0,0,0,0,0,0,0,0,0,0,0,0,0,0,0,1,0,0,0,0,0,1,0,0,0,0,0,0,0,0,0,0,0,0,0,0,0,0,0,0,0,0,0,0,0,0,0,0,0,0,0,0,0,0,0,0,0,1,0,0,0,0,0,0,0,0,0,0,0,0,0,0,0,0,0,0,0,0,0,0,0,0,0,0,0,0,0,1,1,0,2,0,0,0,0,0,0,0,0,0,0,0,0,0,0,0,0,0,0,0,0
2021021025,2,2022-03-24,16.1,2.183333333333333,0,1,0,0,13,4,0,0,0,0,13,1,0,2,1,0,7,1,0,2,1,0,12,1,0,0,1,0,2,1,0,0,0,0,0,0,0,2,0,0,4,0,0,0,0,0,2,0,0,5,2,0,2,0,0,0,0,0,0,0,0,19,6,0,2,0,0,0,0,0,0,0,0,16,0,0,0,0,0,1,0,0,0,0,0,2,2,0,2,0,0,0,0,0,0,0,0,10,5,0,2,0,0,0,0,0,0,0,0,12,0,0,0,0,0,1,0,0,0,0,0,1,1,0,2,0,0,0,0,0,0,0,0,7,3,0,2,0,0,0,0,0,0,0,0,10,0,0,0,0,0,1,0,0,0,0,0,0,0,0,0,0,0,0,0,0,0,0,0,2,0,0,0,0,0,0,0,0,0,0,0,3,0,0,0,0,0,0,0,0,0,0,0,1,0,0,0,0,0,0,0,0,0,0,0,2,0,0,0,0,0,0,0,0,0,0,0,2,0,0,0,0,0,0,0,0,0,0,0,1,0,0,0,0,0,0,0,0,0,0,0,2,0,0,0,0,0,0,0,0,0,0,0,2,0,0,0,0,0,0,0,0,0,0,0,0,0,0,0,0,0,0,0,0,0,0,0,0,0,0,0,0,0,0,0,0,0,0,0,1,0,0,0,0,0,0,0,0,0,0,0
2021021045,2,2022-03-26,13.466666666666667,3.783333333333333,0.03333333333333333,0,0,0,3,2,0,2,0,0,5,2,1,1,0,0,4,0,0,2,0,0,3,1,0,1,0,0,3,1,0,0,1,0,2,1,0,0,0,0,0,0,0,2,0,0,2,0,0,5,1,0,0,0,0,0,0,0,0,0,0,11,4,0,1,0,0,0,0,0,0,0,0,18,0,0,0,0,0,0,0,0,0,0,0,4,1,0,0,0,0,0,0,0,0,0,0,8,3,0,0,0,0,0,0,0,0,0,0,12,0,0,0,0,0,0,0,0,0,0,0,4,1,0,0,0,0,0,0,0,0,0,0,6,2,0,0,0,0,0,0,0,0,0,0,6,0,0,0,0,0,0,0,0,0,0,0,2,1,0,0,0,0,0,0,0,0,0,0,2,1,0,0,0,0,0,0,0,0,0,0,0,0,0,0,0,0,0,0,0,0,0,0,0,0,0,0,0,0,0,0,0,0,0,0,2,1,0,0,0,0,0,0,0,0,0,0,0,0,0,0,0,0,0,0,0,0,0,0,0,0,0,0,0,0,0,0,0,0,0,0,1,1,0,0,0,0,0,0,0,0,0,0,0,0,0,0,0,0,0,0,0,0,0,0,0,0,0,0,0,0,0,0,0,0,0,0,0,0,0,0,0,0,0,0,0,0,0,0,0,0,0,0,0,0,0,0,0,0,0,0
2021021072,2,2022-03-30,16.9,1.8666666666666667,0,1,0,0,5,0,0,1,0,0,8,3,0,3,0,0,12,0,0,3,0,0,5,0,0,1,0,0,4,0,0,1,0,0,5,0,0,0,0,0,0,0,0,0,0,0,0,0,0,5,0,0,0,0,0,0,0,0,0,0,0,21,4,0,2,0,0,2,0,0,0,0,0,14,1,0,2,0,0,2,0,0,0,0,0,4,0,0,0,0,0,0,0,0,0,0,0,17,3,0,2,0,0,2,0,0,0,0,0,12,1,0,2,0,0,2,0,0,0,0,0,3,0,0,0,0,0,0,0,0,0,0,0,12,2,0,0,0,0,2,0,0,0,0,0,7,1,0,2,0,0,2,0,0,0,0,0,0,0,0,0,0,0,0,0,0,0,0,0,1,0,0,0,0,0,0,0,0,0,0,0,2,0,0,2,0,0,0,0,0,0,0,0,0,0,0,0,0,0,0,0,0,0,0,0,1,0,0,0,0,0,0,0,0,0,0,0,2,0,0,1,0,0,0,0,0,0,0,0,1,0,0,0,0,0,0,0,0,0,0,0,1,0,0,0,0,0,0,0,0,0,0,0,1,0,0,0,0,0,0,0,0,0,0,0,0,0,0,0,0,0,0,0,0,0,0,0,2,0,0,0,0,0,0,0,0,0,0,0,2,0,0,0,0,0,0,0,0,0,0,0
2021021080,2,2022-03-31,16.733333333333334,2.316666666666667,0.25,2,0,0,10,2,0,0,0,0,7,1,0,3,0,0,8,1,0,1,0,0,8,0,0,0,0,0,4,0,0,1,1,0,1,2,0,0,0,0,2,0,2,0,0,0,6,0,0,3,0,0,0,0,0,0,0,0,0,0,0,14,5,0,0,0,0,3,0,0,0,0,0,14,0,0,1,0,0,1,0,0,0,0,0,3,0,0,0,0,0,0,0,0,0,0,0,12,2,0,0,0,0,2,0,0,0,0,0,11,0,0,1,0,0,1,0,0,0,0,0,2,0,0,0,0,0,0,0,0,0,0,0,9,1,0,0,0,0,1,0,0,0,0,0,7,0,0,1,0,0,0,0,0,0,0,0,1,0,0,0,0,0,0,0,0,0,0,0,2,0,0,0,0,0,0,0,0,0,0,0,0,0,0,0,0,0,0,0,0,0,0,0,0,0,0,0,0,0,0,0,0,0,0,0,2,0,0,0,0,0,0,0,0,0,0,0,0,0,0,0,0,0,0,0,0,0,0,0,0,0,0,0,0,0,0,0,0,0,0,0,1,0,0,0,0,0,0,0,0,0,0,0,0,0,0,0,0,0,0,0,0,0,0,0,0,0,0,0,0,0,0,0,0,0,0,0,3,0,0,0,0,0,0,0,0,0,0,0,1,0,0,0,0,0,0,0,0,0,0,0
2021021099,2,2022-04-02,18.9,1.15,0.15,0,0,0,9,1,0,0,0,0,4,1,0,4,0,0,10,0,0,1,0,0,3,0,0,2,0,0,5,0,0,0,0,0,3,0,0,2,0,0,2,0,0,0,0,0,6,0,0,5,0,0,0,0,0,0,0,0,0,0,0,21,1,0,0,0,0,0,0,0,0,0,0,12,1,0,1,0,0,1,0,0,0,0,0,3,0,0,0,0,0,0,0,0,0,0,0,17,1,0,0,0,0,0,0,0,0,0,0,8,1,0,1,0,0,1,0,0,0,0,0,1,0,0,0,0,0,0,0,0,0,0,0,9,0,0,0,0,0,0,0,0,0,0,0,6,1,0,1,0,0,1,0,0,0,0,0,0,0,0,0,0,0,0,0,0,0,0,0,0,0,0,0,0,0,0,0,0,0,0,0,0,0,0,1,0,0,0,0,0,0,0,0,0,0,0,0,0,0,0,0,0,0,0,0,0,0,0,0,0,0,0,0,0,0,0,0,0,0,0,1,0,0,0,0,0,0,0,0,0,0,0,0,0,0,0,0,0,0,0,0,0,0,0,0,0,0,0,0,0,0,0,0,0,0,0,0,0,0,0,0,0,0,0,0,0,0,0,0,0,0,0,0,0,0,0,0,0,0,0,0,0,0,0,0,0,0,0,0,1,0,0,0,0,0,0,0,0,0,0,0
2021021122,2,2022-04-05,15.483333333333333,4.033333333333333,0,1,0,0,10,4,0,0,0,0,5,2,0,1,0,0,5,0,0,0,0,0,4,0,0,3,0,0,5,1,0,0,0,0,4,1,0,0,0,0,0,0,0,0,0,0,0,0,0,11,1,0,1,0,0,0,0,0,0,0,0,21,6,0,2,0,0,1,0,0,0,0,0,8,0,0,2,0,0,1,0,0,0,0,0,9,0,0,1,0,0,0,0,0,0,0,0,17,5,0,2,0,0,1,0,0,0,0,0,6,0,0,2,0,0,0,0,0,0,0,0,8,0,0,1,0,0,0,0,0,0,0,0,12,2,0,2,0,0,1,0,0,0,0,0,5,0,0,0,0,0,0,0,0,0,0,0,0,0,0,0,0,0,0,0,0,0,0,0,0,1,0,0,0,0,0,0,0,0,0,0,0,0,0,0,0,0,0,0,0,0,0,0,0,0,0,0,0,0,0,0,0,0,0,0,0,1,0,0,0,0,0,0,0,0,0,0,0,0,0,0,0,0,0,0,0,0,0,0,0,1,0,0,0,0,0,0,0,0,0,0,0,1,0,0,0,0,0,0,0,0,0,0,0,0,0,0,0,0,0,0,0,0,0,0,1,0,0,0,0,0,0,0,0,0,0,0,1,0,0,0,0,0,0,0,0,0,0,0,0,0,0,1,0,0,0,0,0,0,0,0
2021021136,2,2022-04-07,15.183333333333334,3.45,0,0,0,0,8,1,0,0,0,0,5,3,0,5,0,0,8,0,0,3,1,0,7,4,0,0,0,0,2,1,0,0,0,0,5,1,0,0,0,0,2,0,0,0,0,0,0,0,0,9,1,0,0,0,0,1,0,0,0,0,0,21,2,0,2,0,0,1,0,0,0,0,0,14,0,0,2,0,0,0,0,0,0,0,0,8,1,0,0,0,0,1,0,0,0,0,0,19,2,0,1,0,0,1,0,0,0,0,0,9,0,0,2,0,0,0,0,0,0,0,0,3,1,0,0,0,0,1,0,0,0,0,0,13,2,0,1,0,0,1,0,0,0,0,0,8,0,0,0,0,0,0,0,0,0,0,0,0,0,0,0,0,0,0,0,0,0,0,0,1,0,0,0,0,0,0,0,0,0,0,0,3,0,0,0,0,0,0,0,0,0,0,0,1,0,0,0,0,0,0,0,0,0,0,0,1,0,0,0,0,0,0,0,0,0,0,0,2,0,0,0,0,0,0,0,0,0,0,0,0,0,0,0,0,0,0,0,0,0,0,0,1,0,0,0,0,0,0,0,0,0,0,0,2,0,0,0,0,0,0,0,0,0,0,0,0,0,0,0,0,0,0,0,0,0,0,0,1,0,0,0,0,0,0,0,0,0,0,0,0,0,0,0,0,0,0,0,0,0,0,0
2021021152,2,2022-04-09,14.866666666666667,4.383333333333334,0,0,0,0,6,4,0,0,0,0,7,3,0,5,0,0,7,0,0,3,0,0,8,0,0,0,0,0,0,0,0,1,1,0,3,2,0,2,0,0,6,2,5,2,2,0,7,2,0,9,2,0,0,0,0,0,0,0,0,0,0,17,3,0,2,0,0,1,1,0,0,0,0,11,2,0,0,1,0,1,1,0,0,0,0,7,2,0,0,0,0,0,0,0,0,0,0,12,3,0,1,0,0,1,1,0,0,0,0,8,2,0,0,1,0,1,1,0,0,0,0,5,2,0,0,0,0,0,0,0,0,0,0,10,2,0,1,0,0,0,1,0,0,0,0,7,1,0,0,1,0,0,1,0,0,0,0,0,0,0,0,0,0,0,0,0,0,0,0,0,0,0,0,0,0,0,1,0,0,0,0,1,0,0,0,0,0,0,1,0,0,0,0,0,0,0,0,0,0,0,1,0,0,0,0,0,0,0,0,0,0,0,1,0,0,0,0,1,0,0,0,0,0,0,0,0,0,0,0,0,0,0,0,0,0,0,0,0,0,0,0,0,0,0,0,0,0,0,1,0,0,0,0,0,0,0,0,0,0,0,0,0,0,0,0,1,1,0,0,0,0,0,0,0,0,0,0,1,1,0,0,0,0,0,0,0,0,0,0,1,1,0,0,0,0,0,0,0,0,0,0
2021021188,2,2022-04-12,17.266666666666666,1.1,0,0,0,0,4,1,0,0,0,0,9,0,0,4,0,0,13,0,0,3,0,0,9,0,0,1,0,0,3,0,0,0,0,0,1,0,0,0,0,2,0,0,7,2,0,2,7,0,2,3,1,0,1,0,0,0,0,0,0,0,0,10,1,0,1,0,0,0,0,0,0,0,0,19,0,0,3,0,0,0,0,0,0,0,0,2,0,0,1,0,0,0,0,0,0,0,0,9,0,0,1,0,0,0,0,0,0,0,0,13,0,0,3,0,0,0,0,0,0,0,0,2,0,0,1,0,0,0,0,0,0,0,0,4,0,0,1,0,0,0,0,0,0,0,0,9,0,0,2,0,0,0,0,0,0,0,0,0,0,0,0,0,0,0,0,0,0,0,0,0,0,0,0,0,0,0,0,0,0,0,0,0,0,0,0,0,0,0,0,0,0,0,0,0,0,0,0,0,0,0,0,0,0,0,0,0,0,0,0,0,0,0,0,0,0,0,0,0,0,0,0,0,0,0,0,0,0,0,0,0,0,0,0,0,0,0,0,0,0,0,0,0,0,0,0,0,0,0,0,0,0,0,0,0,0,0,0,0,0,0,0,0,0,0,0,0,0,0,0,0,0,0,0,0,0,0,0,0,0,0,0,0,0,0,0,0,0,0,0,0,0,0,0,0,0,0,0,0,0,0,0
2021021171,2,2022-04-14,21.033333333333335,1.1333333333333333,0,0,0,0,7,1,0,1,0,0,12,0,0,3,0,0,6,0,0,3,0,0,11,0,0,0,0,0,1,0,0,1,0,0,3,0,0,0,0,0,0,0,5,0,0,0,7,0,0,8,0,0,1,0,0,2,0,0,0,0,0,25,0,0,2,1,0,4,0,0,0,0,0,16,0,0,0,0,0,1,0,0,0,0,0,4,0,0,1,0,0,2,0,0,0,0,0,14,0,0,2,1,0,4,0,0,0,0,0,13,0,0,0,0,0,0,0,0,0,0,0,4,0,0,1,0,0,2,0,0,0,0,0,11,0,0,1,1,0,4,0,0,0,0,0,7,0,0,0,0,0,0,0,0,0,0,0,0,0,0,0,0,0,1,0,0,0,0,0,0,0,0,0,0,0,2,0,0,0,0,0,2,0,0,0,0,0,0,0,0,0,0,0,0,0,0,0,0,0,1,0,0,0,0,0,0,0,0,0,0,0,2,0,0,0,0,0,2,0,0,0,0,0,0,0,0,0,0,0,0,0,0,0,0,0,0,0,0,0,0,0,0,0,0,0,0,0,2,0,0,0,0,0,2,0,0,0,0,0,0,0,0,0,0,0,0,0,0,0,0,0,1,0,0,0,0,0,2,0,0,0,0,0,2,0,0,0,0,0,1,0,0,0,0,0,0,0,0,0,0,0
2021021204,2,2022-04-16,17.55,2.2,0,1,0,0,9,0,0,0,0,0,9,3,0,4,0,0,8,0,0,3,0,0,8,1,0,0,0,0,1,1,0,0,0,0,1,0,0,0,0,0,0,0,0,0,0,0,0,0,0,7,0,0,0,0,0,0,0,0,0,0,0,17,1,0,0,0,0,0,0,0,0,0,0,10,3,0,0,0,0,2,0,0,0,0,0,7,0,0,0,0,0,0,0,0,0,0,0,15,1,0,0,0,0,0,0,0,0,0,0,7,3,0,0,0,0,1,0,0,0,0,0,4,0,0,0,0,0,0,0,0,0,0,0,7,1,0,0,0,0,0,0,0,0,0,0,5,3,0,0,0,0,1,0,0,0,0,0,1,0,0,0,0,0,0,0,0,0,0,0,1,0,0,0,0,0,0,0,0,0,0,0,0,1,0,0,0,0,0,0,0,0,0,0,0,0,0,0,0,0,0,0,0,0,0,0,1,0,0,0,0,0,0,0,0,0,0,0,0,1,0,0,0,0,0,0,0,0,0,0,0,0,0,0,0,0,0,0,0,0,0,0,1,0,0,0,0,0,0,0,0,0,0,0,0,1,0,0,0,0,0,0,0,0,0,0,0,0,0,0,0,0,0,0,0,0,0,0,0,0,0,0,0,0,0,0,0,0,0,0,2,0,0,0,0,0,0,0,0,0,0,0
2021021214,2,2022-04-17,15.716666666666667,3.033333333333333,0.06666666666666667,0,0,0,5,1,0,0,0,0,7,2,0,6,0,0,9,0,0,0,0,0,6,0,0,0,0,0,1,0,0,0,0,0,0,1,0,0,0,0,4,0,0,4,0,0,4,2,0,5,2,0,0,0,0,1,0,0,0,0,0,9,5,0,0,0,0,2,2,0,0,0,0,13,3,0,1,0,0,1,0,0,0,0,0,3,0,0,0,0,0,1,0,0,0,0,0,6,3,0,0,0,0,2,2,0,0,0,0,8,3,0,1,0,0,0,0,0,0,0,0,2,0,0,0,0,0,1,0,0,0,0,0,3,3,0,0,0,0,1,2,0,0,0,0,5,2,0,0,0,0,0,0,0,0,0,0,0,0,0,0,0,0,0,0,0,0,0,0,0,0,0,0,0,0,0,0,0,0,0,0,1,0,0,0,0,0,0,0,0,0,0,0,0,0,0,0,0,0,0,0,0,0,0,0,0,0,0,0,0,0,0,0,0,0,0,0,1,0,0,0,0,0,0,0,0,0,0,0,0,0,0,0,0,0,0,0,0,0,0,0,0,0,0,0,0,0,0,0,0,0,0,0,1,0,0,0,0,0,0,0,0,0,0,0,2,0,0,0,0,0,0,0,0,0,0,0,2,1,0,0,0,0,0,1,0,0,0,0,1,0,0,0,0,0,0,0,0,0,0,0
2021021227,2,2022-04-19,14.35,1.15,0.1,0,0,0,4,1,0,0,0,0,4,0,0,0,0,0,2,0,0,1,0,0,6,0,0,0,0,0,2,0,0,0,0,0,2,0,0,2,0,0,4,0,0,0,2,0,2,2,0,8,1,0,0,0,0,0,0,0,0,0,0,18,2,0,0,0,0,2,0,0,0,0,0,11,0,0,2,0,0,1,0,0,0,0,0,5,1,0,0,0,0,0,0,0,0,0,0,13,2,0,0,0,0,1,0,0,0,0,0,5,0,0,2,0,0,1,0,0,0,0,0,4,1,0,0,0,0,0,0,0,0,0,0,12,2,0,0,0,0,1,0,0,0,0,0,3,0,0,1,0,0,1,0,0,0,0,0,0,0,0,0,0,0,0,0,0,0,0,0,0,0,0,0,0,0,0,0,0,0,0,0,1,0,0,0,0,0,0,0,0,0,0,0,0,0,0,0,0,0,0,0,0,0,0,0,0,0,0,0,0,0,0,0,0,0,0,0,1,0,0,0,0,0,0,0,0,0,0,0,0,0,0,0,0,0,0,0,0,0,0,0,0,0,0,0,0,0,0,0,0,0,0,0,1,0,0,0,0,0,0,0,0,0,0,0,0,0,0,0,0,0,0,0,0,0,0,0,2,0,0,0,0,0,0,0,0,0,0,0,1,0,0,0,0,0,0,0,0,0,0,0
2021021243,2,2022-04-21,15.066666666666666,1.0166666666666666,0,0,0,0,5,1,0,0,0,0,8,0,0,1,0,0,6,0,0,0,0,0,0,0,0,0,0,0,1,0,0,0,0,0,0,0,0,0,0,0,2,0,0,2,0,0,6,0,0,2,0,0,0,0,0,0,0,0,0,0,0,5,2,0,0,0,0,0,1,0,0,0,0,10,1,0,2,0,0,0,0,0,0,0,0,1,0,0,0,0,0,0,0,0,0,0,0,4,1,0,0,0,0,0,1,0,0,0,0,6,1,0,2,0,0,0,0,0,0,0,0,1,0,0,0,0,0,0,0,0,0,0,0,4,1,0,0,0,0,0,1,0,0,0,0,6,1,0,1,0,0,0,0,0,0,0,0,0,0,0,0,0,0,0,0,0,0,0,0,0,0,0,0,0,0,0,0,0,0,0,0,0,0,0,1,0,0,0,0,0,0,0,0,0,0,0,0,0,0,0,0,0,0,0,0,0,0,0,0,0,0,0,0,0,0,0,0,0,0,0,1,0,0,0,0,0,0,0,0,0,0,0,0,0,0,0,0,0,0,0,0,0,0,0,0,0,0,0,0,0,0,0,0,0,0,0,0,0,0,0,0,0,0,0,0,0,0,0,0,0,0,0,0,0,0,0,0,0,1,0,0,0,0,0,0,0,0,0,0,0,0,0,0,0,0,0,0,0,0,0,0
2021021259,2,2022-04-23,18.683333333333334,2.0833333333333335,0.25,1,0,0,5,0,0,0,0,0,7,1,0,1,0,0,3,0,0,2,0,0,5,0,0,0,0,0,4,0,0,0,0,0,1,1,0,2,0,0,2,0,0,0,0,0,0,2,0,3,1,0,1,0,0,0,0,0,1,0,0,9,2,0,1,0,0,1,0,0,1,0,0,17,0,1,0,0,0,1,0,0,0,0,0,3,0,0,0,0,0,0,0,0,1,0,0,6,1,0,0,0,0,1,0,0,1,0,0,15,0,1,0,0,0,1,0,0,0,0,0,2,0,0,0,0,0,0,0,0,1,0,0,3,1,0,0,0,0,1,0,0,1,0,0,11,0,1,0,0,0,1,0,0,0,0,0,0,0,0,0,0,0,0,0,0,1,0,0,1,0,0,0,0,0,0,0,0,1,0,0,0,0,0,0,0,0,0,0,0,0,0,0,1,0,0,0,0,0,0,0,0,0,0,0,1,0,0,0,0,0,0,0,0,1,0,0,0,0,0,0,0,0,0,0,0,0,0,0,0,0,0,0,0,0,0,0,0,0,0,0,0,0,0,0,0,0,0,0,0,0,0,0,0,0,0,0,0,0,0,0,0,0,0,0,0,0,0,1,0,0,0,0,0,0,0,0,1,0,0,1,0,0,0,0,0,0,0,0,1,0,0,0,0,0,0,0,0,0,0,0
2021021269,2,2022-04-24,20.55,0.9833333333333333,0,0,0,0,7,0,0,0,0,0,11,0,0,4,0,0,15,0,0,1,0,0,6,0,0,1,0,0,4,0,0,1,0,0,3,0,0,0,0,0,0,0,0,4,0,0,2,0,0,10,0,0,1,0,0,1,0,0,0,0,0,16,1,0,1,1,0,3,0,0,1,0,0,22,0,0,4,0,0,0,0,0,0,0,0,7,0,0,0,0,0,1,0,0,0,0,0,12,1,0,0,1,0,3,0,0,1,0,0,13,0,0,1,0,0,0,0,0,0,0,0,5,0,0,0,0,0,1,0,0,0,0,0,9,1,0,0,1,0,1,0,0,1,0,0,9,0,0,1,0,0,0,0,0,0,0,0,0,0,0,0,0,0,1,0,0,0,0,0,1,0,0,0,0,0,1,0,0,1,0,0,1,0,0,1,0,0,0,0,0,0,0,0,0,0,0,0,0,0,0,0,0,0,0,0,0,0,0,0,0,0,1,0,0,1,0,0,1,0,0,1,0,0,0,0,0,0,0,0,0,0,0,0,0,0,0,0,0,0,0,0,0,0,0,0,0,0,1,0,0,1,0,0,0,0,0,1,0,0,0,0,0,0,0,0,2,0,0,0,0,0,0,0,0,0,0,0,3,0,0,0,0,0,1,0,0,0,0,0,0,0,0,0,0,0,0,0,0,0,0,0
2021021285,2,2022-04-26,17.016666666666666,2.216666666666667,0,1,0,0,10,1,0,0,0,0,6,0,0,1,1,0,4,1,0,1,0,0,6,1,0,2,0,0,5,0,0,2,0,0,4,0,0,0,0,0,2,0,0,0,0,0,0,0,0,5,0,0,0,0,0,1,0,0,0,0,0,13,3,0,0,0,0,2,0,0,0,0,0,14,0,0,0,0,0,2,0,0,0,0,0,3,0,0,0,0,0,1,0,0,0,0,0,11,3,0,0,0,0,1,0,0,0,0,0,12,0,0,0,0,0,1,0,0,0,0,0,2,0,0,0,0,0,1,0,0,0,0,0,9,3,0,0,0,0,1,0,0,0,0,0,10,0,0,0,0,0,1,0,0,0,0,0,0,0,0,0,0,0,0,0,0,0,0,0,0,0,0,0,0,0,0,0,0,0,0,0,2,0,0,0,0,0,0,0,0,0,0,0,0,0,0,0,0,0,0,0,0,0,0,0,0,0,0,0,0,0,0,0,0,0,0,0,2,0,0,0,0,0,0,0,0,0,0,0,0,0,0,0,0,0,0,0,0,0,0,0,0,0,0,0,0,0,0,0,0,0,0,0,1,0,0,0,0,0,0,0,0,0,0,0,0,0,0,0,0,0,0,0,0,0,0,0,2,0,0,0,0,0,0,0,0,0,0,0,1,0,0,0,0,0,1,0,0,0,0,0
2021021297,2,2022-04-28,18.566666666666666,0.9,0,0,0,0,7,0,0,0,0,0,6,1,0,1,0,0,5,0,0,1,0,0,7,1,0,1,0,0,2,0,1,1,0,0,5,0,0,0,0,0,2,0,0,0,0,0,2,0,0,7,1,0,0,0,0,0,0,0,0,0,0,19,1,0,0,0,1,3,0,0,0,0,0,17,1,0,1,0,0,0,0,0,0,0,0,6,0,0,0,0,0,0,0,0,0,0,0,16,0,0,0,0,1,3,0,0,0,0,0,14,1,0,0,0,0,0,0,0,0,0,0,6,0,0,0,0,0,0,0,0,0,0,0,15,0,0,0,0,1,2,0,0,0,0,0,6,1,0,0,0,0,0,0,0,0,0,0,0,0,0,0,0,0,0,0,0,0,0,0,0,0,0,0,0,0,0,0,0,0,0,0,0,0,0,0,0,0,0,0,0,0,0,0,0,0,0,0,0,0,0,0,0,0,0,0,0,0,0,0,0,0,0,0,0,0,0,0,0,0,0,0,0,0,0,0,0,0,0,0,0,0,0,0,0,0,0,0,0,0,0,0,0,0,0,0,0,0,0,0,0,0,0,0,0,0,0,0,0,0,0,0,0,0,0,0,0,0,0,0,0,0,0,0,0,0,0,0,2,0,0,0,0,0,1,0,0,0,0,0,0,0,0,0,0,0,0,0,0,0,0,0
2021021312,2,2022-04-29,19.383333333333333,2,0,0,0,0,4,0,0,1,0,0,6,1,0,0,0,0,3,0,0,0,0,0,4,2,0,0,0,0,0,0,0,0,0,0,2,0,0,0,0,0,0,0,0,0,0,0,0,0,0,3,2,0,0,0,0,0,0,0,0,0,0,11,6,0,1,0,0,0,0,0,0,0,0,21,0,0,1,0,0,2,0,0,0,0,0,1,1,0,0,0,0,0,0,0,0,0,0,8,3,0,1,0,0,0,0,0,0,0,0,16,0,0,0,0,0,2,0,0,0,0,0,1,1,0,0,0,0,0,0,0,0,0,0,6,2,0,1,0,0,0,0,0,0,0,0,11,0,0,0,0,0,2,0,0,0,0,0,0,0,0,0,0,0,0,0,0,0,0,0,0,0,0,0,0,0,0,0,0,0,0,0,0,0,0,0,0,0,0,0,0,0,0,0,0,0,0,0,0,0,0,0,0,0,0,0,0,0,0,0,0,0,0,0,0,0,0,0,0,0,0,0,0,0,0,0,0,0,0,0,0,0,0,0,0,0,0,0,0,0,0,0,0,0,0,0,0,0,0,0,0,0,0,0,0,0,0,0,0,0,0,0,0,0,0,0,0,0,0,0,0,0,0,0,0,0,0,0,0,0,0,0,0,0,0,0,0,0,0,0,2,0,0,0,0,0,0,0,0,0,0,0
